12000
4.7191
2.0924
2.7199
2.9577
3.694
2.82982
3.9726
-0.727
3.9502
4.3435
1.5527
3.3587
4.0423
3.06014
1.95578
2.2267
3.2834
0.26728
4.3291
2.824
2.6484
2.7060000000000004
1.43528
2.66122
0.8026
1.9123
2.2416
3.3182
3.6657
1.9738
2.4
1.1447
1.0204
0.4468
1.7858
2.9958
4.06812
0.40762
1.8756
4.3898
5.5563
-0.67402
4.10407
3.44432
3.2197
3.3645
3.55974
2.85372
2.5222
3.4241
4.2221199999999985
-1.0185
3.25684
1.00564
5.6108400000000005
3.2901199999999995
3.27262
2.2538
3.7401
2.23014
5.721
1.1898
3.065
2.51112
-0.4976
2.9097
3.7007
1.8223
4.5729
2.2553
3.4759
1.72932
0.8518
3.9643
1.4791
2.5231
2.78092
-0.3999
0.5762
-4.5803
1.3309
0.6666
3.1955
-0.4829
1.391
2.4857
2.8937
1.38182
0.9233
2.25
3.4956
0.7611399999999999
3.3965
1.4004
2.71772
3.5672
3.2748
2.7060000000000004
3.8575
3.8769
3.05212
-1.4675
3.81214
2.7710000000000004
1.91912
2.9218
1.9393
2.8873
1.1691
2.5338
3.6092
2.2914
4.7984
0.61332
3.4686
0.6498
2.8237
3.90262
1.18192
0.8440000000000001
2.2104
1.97452
3.81626
1.5036
3.5689
3.5429
3.3735
0.5756
2.3101
3.796
0.5198
1.9354
2.95722
0.5585
3.3602199999999995
4.5812
2.2342
2.4569
3.64444
3.0466
2.95134
2.767
1.3463
0.5
3.0185
2.4488
3.7232
2.1269
3.99062
0.706
3.28824
2.1845
2.0127
2.2729
-1.6811
1.33892
3.6159
3.0243
3.786
2.9036
2.8173
2.60834
1.13774
2.4136
2.38722
1.8672
0.07242
3.7463
1.2477200000000002
4.2576
2.6343
1.94472
3.0647
2.9423
0.6697
0.14292
3.3092
4.4083
-2.2023
4.80572
3.1698
4.08902
2.01864
0.7334
3.0005
3.69022
4.856
2.6281
1.4287
3.352
1.4978
3.46214
4.137
-0.3893
2.7332
1.1499
2.55472
3.3068
1.4976
1.74722
2.4876400000000003
-0.9858
1.1523
0.2266
3.8986
2.0262
3.4092
2.6884
1.9586
1.9031
0.12132
3.6038
3.32344
3.3764199999999995
2.14128
2.61418
0.0844
2.8693
4.2204
3.54732
3.43652
3.9215
1.5904
4.53832
1.3949
1.4256
3.5685
2.2755
2.7363
-0.6629999999999999
2.2419
2.81472
2.87126
-1.3608
2.6242
2.3193
2.9914
0.4431
1.356
4.4816
3.5288
4.58329
3.9965
0.4295
3.0028200000000003
1.6014
2.7177
0.4996
2.5537
2.6494
0.8784
0.2273
3.96862
2.7115
2.8776200000000003
-0.58106
2.872
3.13532
2.3381
2.4451
2.4632
3.1028
-0.09958
2.8485
-0.06268
3.6496
-1.2919
3.09078
1.606
-0.26032
1.88152
2.1092
1.4169999999999998
2.2836
2.3172
3.82826
0.94442
3.03344
2.1396
1.9055
2.963
3.3245
3.2581
5.14407
-2.7861
3.6477
4.47842
2.6838
3.639
2.7079
2.2265
2.6732400000000003
3.36774
1.7027
2.7928
1.6385
2.47002
4.2216
3.46232
0.8524
1.2211
2.4321
3.9366
3.51948
1.6087
1.53712
3.42782
4.3623
2.3040000000000003
4.1208
3.0921
3.72682
4.0939999999999985
3.0545
3.7446
3.3476
3.4633
3.1931
3.2124
1.3256
4.71534
2.53512
3.94448
4.2283
3.4852
4.013
1.91158
2.32304
0.2261
2.5229
2.4092
1.6205
2.3167
0.4724
0.4043
2.41732
3.46838
2.4499
2.65376
3.82648
1.7478
2.83248
3.06762
1.7198
3.959
1.5103
2.0823
1.7994
2.22382
0.0673
1.3352
3.7223
4.69686
4.2865
4.2239
-0.5571
4.0879
4.2404
4.5524
2.02782
0.9711
4.3939
0.81622
2.88758
2.1715
1.5459
1.658
2.2494
2.1914
2.094
3.7963
4.10904
0.8417
2.8413
3.2701
3.41
-0.6063
3.1148
4.1208800000000005
0.4981
1.3887
-2.8204
3.79684
3.69288
1.4829
4.2209
2.2024
3.3916
1.8866
3.3755
2.15586
1.5234
1.30092
4.5004
3.41342
2.59742
1.96978
2.64788
2.29144
0.61902
2.23219
3.7552
2.14624
2.4696
3.09412
2.30044
4.7289
3.10198
1.4218
2.736
0.24612
0.7565
0.478
2.39814
2.5659
3.81332
-2.1288
0.22582
0.7842
3.7531
4.124619999999998
3.4142
3.6983
1.12292
2.1678
3.85798
3.1612
0.1432
1.9406
0.49
1.36942
2.2401
3.7337
1.07732
-0.0326
2.501
-0.3382
2.51402
1.96162
2.45092
4.34726
3.32
2.19314
1.4786
3.89052
3.24108
3.5626
0.9461
3.5929
3.3460400000000003
2.86378
4.1118
1.3262
-0.3747
1.9253
0.8495799999999999
2.693
3.5116
1.29082
4.10934
3.5957
3.71042
2.1255
2.6825
4.1550400000000005
3.1214
1.1079
0.8787
2.5928
0.9459
2.2703
3.2303
4.39844
3.1571
3.66752
5.0104
2.3816
3.2399
2.5211
1.6764
2.1733
1.399
3.6286
0.5335
5.0716
3.3187800000000003
-0.3602
0.8266
0.15712
3.1589
-0.3273
0.26568
2.2622
0.9069
3.23862
2.9476
3.71952
3.337
1.71164
-0.4786
1.6458
1.2384
2.63052
0.8548
2.5237
3.08822
3.3407
1.0111
4.0078
0.61832
4.4911
-1.0346
3.615
0.8655
1.4289
1.1456
4.70614
3.0147
1.6954
2.3123
2.0524
2.04398
2.634
2.834
2.474
2.92332
3.5084
2.6177
3.63534
1.526
-0.39728
3.80002
4.0852
2.9082
3.06762
1.4813
0.1271
3.612
2.7595
0.3858
1.3891
2.7681
1.3522
2.4454
0.4265
2.959
1.9113
3.6122
2.53322
2.4495
2.0949
4.4206
-0.7794
3.65434
-0.6314
0.5835
3.2507
4.01768
3.1947
3.1899
2.2828
-0.1116
3.8523
3.1155
3.0852
1.9349
2.4052
1.3359
2.28842
3.07342
1.6481
2.72628
1.179
3.0491
2.81362
2.7119
4.34468
1.75712
2.457
3.53852
2.134
0.18752
4.145
4.4493
3.26162
3.42716
-0.8015800000000001
4.8296199999999985
2.2829
3.5969
1.2572
3.1707
0.29932
2.1582
2.8706
1.4588
3.8859
3.4774199999999995
4.0155
3.81624
2.7487
3.67782
2.73252
-0.7443
3.28712
0.7949
4.0508
4.216
2.7681
2.877
4.5434
3.3005
3.6701
2.6985
2.0662
4.3314
4.24524
2.2665
3.1494
2.2781
2.21927
1.9127
1.9288
3.5295
2.9413
4.55618
0.46992
3.1684
2.843
4.46132
5.0833
1.8269
2.7729
3.75688
2.80664
1.5671
4.49362
1.9103
1.2213200000000002
-1.3969999999999998
2.2691
1.4372
2.2063
0.3031
2.84104
1.7880200000000002
0.1005
3.193
1.2243
2.4646
3.85552
4.06042
4.69758
2.0136
2.4946
2.28382
0.95192
4.8043
3.0172
1.39722
2.9322
3.4977
3.08182
0.5646
4.18932
3.62974
3.1882
2.8085
3.25674
2.73664
3.6407
3.735
3.6351
3.4205400000000004
0.2171
2.3006
3.02684
3.64752
3.2744
0.9884
1.2951
3.585
2.9141
0.55202
0.298
2.6098
3.40972
1.8299
1.6325
2.5337
2.6268
-1.3119999999999998
3.4111
4.43186
3.76722
2.4758
3.04678
0.32764
1.9927
1.3101
4.4393
3.868
2.1242
4.3133
2.76562
4.34534
2.151
-0.45618
1.5774
2.71202
2.7892
1.7249
3.20574
2.4462
1.9818
2.6887
2.50552
2.94722
3.2616
3.5559
3.0061
2.9969
2.3345
4.62884
1.41998
2.35548
3.50894
4.7842
3.3112
2.5564400000000003
4.677
-0.2396
3.59692
1.73354
3.4388
4.6228
4.5838
-0.0065
0.3299
4.19142
1.5716
3.9555
2.1716
3.93662
1.8013
4.8948
2.42152
2.28768
1.0111
4.1632
5.51197
3.32892
0.2784
1.5398
1.86458
1.17762
4.4976
0.3057
4.4774
4.60412
1.13582
3.4819
1.2223
3.3462
3.965
2.4494
3.8852
1.37442
3.9016
1.8107
3.2072
4.00154
4.41444
0.5715
0.3343
2.43622
2.9064
1.3851
1.49052
1.893
-1.7391
1.8481
2.445
3.5697
0.9201
2.1396
3.8964
2.4757
1.45402
2.6073
4.1435
4.4804
3.3423199999999995
2.3492
3.3069
3.9728
1.6021
2.27922
1.3232
2.2071
3.2666
2.3558
2.07632
1.7888
-0.5701
3.3138
2.8666
4.54228
2.2895
1.0033
3.0814
0.40512
0.6122
3.53724
2.4331
2.275
3.8622
3.38784
3.7399
2.2829
3.652
4.7533
0.4234
4.4234
4.078
1.8713
3.04566
2.6143
1.4112
3.6885
4.2667199999999985
1.9678
2.1314
0.74328
0.42262
0.5109
3.61552
2.49132
3.13044
2.99599
2.2381
0.3726
2.858
2.85252
-0.4189
4.5141
2.77812
2.68932
0.6254
0.72222
0.8218799999999999
1.1153
2.164
-0.1155
1.2025
2.5644
3.7554
4.25322
3.58582
0.6272
1.34579
3.14632
2.48502
4.1884
2.5747400000000003
1.9515
1.6383
1.21862
3.08364
4.473
2.7062
2.01824
0.6014
0.52892
0.9409
3.2607
1.5657
2.4444
2.2967
3.83289
5.8859
2.4057
4.97992
4.5357
1.5554
3.2247
3.13382
5.3445
2.2707
4.99486
3.5619
3.2372
-0.0736
1.971
2.89672
3.0711
4.6967
3.209
3.1759
3.43852
2.342
2.6455
3.0151
2.07852
2.46802
4.06834
4.76716
5.4839
3.4105
3.1545
4.984
3.64736
1.4458
4.5133199999999984
2.8418
1.7481
3.90692
3.6652
3.2983
2.75
3.2697
3.31232
0.5141
3.9982
0.14552
1.0939
1.7762
4.148
0.34472
1.4231
2.7969
1.7618200000000002
2.2697
1.7919999999999998
-2.13248
3.13606
2.9197
2.42014
5.26212
1.8391
4.0933
2.9318
1.991
1.72502
4.6199
3.2622
3.47962
3.1309
3.5656
2.94202
2.48634
4.1257199999999985
2.72012
2.2557
3.857
2.7215
4.0576
2.6905
2.4159200000000003
4.0999
3.6005
0.7096
1.6215
3.32954
3.2664
3.48032
5.05812
1.993
3.50592
-0.3717
3.87176
2.22972
3.3908
2.0259
1.139
3.1029
2.1358
3.08832
1.5917
-0.74198
3.16672
2.35852
0.9251
1.6983
2.8804
1.138
1.1021
3.9565
1.3125
4.956
1.78372
3.72454
0.7526
3.0694
2.15818
3.2808
1.85302
3.133
3.36202
1.4328
2.49224
4.3617
1.7866
2.7008
1.1588
2.33392
1.7034
2.2464
3.2341
4.0274800000000015
4.4233
1.371
1.5774
3.92012
3.6701
3.2124200000000003
4.0809
2.88924
1.53872
2.461
3.17358
4.39486
3.21342
3.1106
2.2203
1.9754
3.738
3.5921
4.88482
-0.4202
4.3689
2.29794
2.46828
0.2117
1.33312
2.18652
1.2338
3.01986
1.2427
1.6187
3.8181
2.3302
1.94982
3.7336
2.2225
1.1495
3.6543
3.6595
3.71822
4.0409
4.57174
4.40102
2.3742
1.2376
1.87742
3.4503
0.2349
2.9034
2.54688
4.98174
1.0626
3.8616
1.7179
-1.4493
2.8468
4.98632
2.3382
2.4358
1.1791
2.2988
3.72212
2.22654
2.69892
3.47192
4.2693
2.707
0.4692
1.2773
1.61502
-0.969
0.4615
1.36148
-0.006
3.1716
2.16482
3.9213
3.2597
3.63176
3.7402
4.3496
-0.8314
3.7379
3.53798
3.8928
1.2598
2.4194
3.9037
4.5622
3.5622
1.0186
1.92648
3.1964200000000003
1.49554
4.88908
2.5144
4.0933
2.3826400000000003
0.7368
4.9647
1.0246
2.39912
1.5761
0.1484
3.7702
2.81011
2.2025
2.6001
2.0888400000000003
0.24832
2.391
2.3241
3.254
1.5683
2.5307
4.38198
2.87292
4.5417
2.0365
2.3299
2.4052
3.3281
3.4711
1.1321
1.0526799999999998
2.66184
2.3677
1.7081
3.40044
2.04182
5.0468199999999985
1.6891
2.29452
2.5185
3.34142
3.7376
3.5002
0.98962
1.5530000000000002
3.217
3.4307199999999995
2.68074
3.44002
3.2742400000000003
1.0199200000000002
1.6895
3.39434
-0.18788
2.29542
1.7021
3.023
1.6842
3.62452
3.4051
1.55404
1.57092
-0.728
2.11
4.3029199999999985
2.8278
-0.1354
-0.0298
1.8519
3.9105
4.1943
3.6479
1.5803
3.00644
1.7753
0.238
1.4623
1.3458
3.7612
-0.2347
4.7442
1.1876
4.0838
0.2448
4.58392
1.9388
1.2136
1.4238
1.497
4.88552
0.7564
3.7102
2.55488
1.1779
3.9669
4.58562
0.4106
3.3727
1.98812
-0.7328
4.30684
1.55104
4.0989
3.1112
0.755
1.52784
1.1077
2.54162
3.1327
1.2165
2.787
2.12698
3.98476
0.9788
3.5064
0.4576
1.4334
3.45012
2.60966
4.18604
0.2479
2.4214
2.9147
2.2727
2.7055
-1.8698
2.29224
0.5974
2.5649
0.8064
3.9741
2.90139
3.5407
0.9596
2.502
2.3146
2.9638
0.7586
3.8664
1.6993
3.5740199999999995
2.307
0.4809
3.56752
1.4848
-0.7240000000000001
-2.1017
3.67862
3.54074
6.66344
3.877
1.551
1.9989
1.425
1.9325
3.7732
1.8887
3.0954
1.66662
4.7268
0.7898
1.5942
0.6775
1.4293
1.2422
1.77692
3.9098
2.3462
1.4371
4.52442
1.15
3.19302
3.35154
1.0556
1.9873
3.0291
1.6265
2.299
1.9632
2.1595
4.49308
0.8398
2.822
2.28852
4.89522
1.49662
1.86902
3.44182
2.42
1.5227
3.392
3.2698
1.2988
5.12642
2.32552
2.5413
4.0928
0.0682
0.9368
2.97972
4.54222
3.04402
3.56124
2.2486
1.9634
2.74138
3.4530800000000004
3.9443
3.3991
1.406
4.34813
1.86042
1.1845
0.6726
5.1802
1.84054
0.4711
3.7058
1.1033
1.4478
1.3491
1.3012
2.4316
2.21842
3.0468
0.26938
3.2333
3.3399
4.994
2.94454
2.6572
3.0882
2.915
1.07492
0.982
1.51552
3.6122
0.8454
2.7103
3.26978
0.72558
0.41982
-0.0952
3.67102
3.8069
2.0928
1.9232
3.6615
1.4364
3.0455
3.0392
1.0341
1.54238
2.90924
3.6201
1.43782
3.5496
2.3508400000000003
3.64372
3.5697
3.0764
4.0384
0.7852
1.67152
1.54092
2.14998
1.7926
3.857
2.6317
4.1165
-0.15688
3.37362
3.63042
1.55852
1.53832
-0.7318
4.0477
0.99092
4.85712
1.7667
2.6498
3.1215
1.26632
2.3788
3.0209200000000003
2.5986
3.97211
0.932
2.2173
2.446
2.7770200000000003
3.59392
1.6773
4.6663
2.6903
2.7997
1.6090799999999998
2.475
3.17182
0.7889
4.7022
1.50834
0.9483
1.7232
4.23452
4.005
-2.8837
2.1672
4.994
3.2361
2.662
2.0717
3.5531
3.874
4.857
1.34372
1.5623200000000002
2.0121
3.9189
0.6361
2.0531
0.8224
3.9786
2.6911
3.6003
4.4948
2.0243
-1.96908
4.6377
3.71964
0.19544
3.2417
0.49914
2.77938
3.8188
3.7868
3.0783
1.92194
3.30642
4.787719999999998
4.4368
3.432
0.7802
3.1254
2.42038
3.1446
4.20912
1.5279
4.1031
2.12842
4.8238
5.04496
1.1605
3.0354
0.5971
1.52984
1.6774
5.0526
3.35822
3.5951
3.86944
4.06642
3.9349
1.7934
3.8009
3.2656
1.1131
2.5976
2.0932
2.8003
4.0973
5.15492
1.8279
4.04562
2.33792
0.04522
2.95012
2.5843
3.2345
4.60816
-1.0231
2.6195
4.1754
3.17898
1.1989
0.8542
3.2130400000000003
3.6769
1.5945
3.2281
3.86222
1.9145
3.7804
4.0966
0.1894
4.6772
3.2332
-0.2415
2.6393
3.39292
2.2147
1.9253
1.567
3.0677
2.9739
2.79898
1.6496
2.95176
4.2053
3.2124
3.28444
0.10192
3.41252
1.99388
2.55634
-0.2628
5.1987
4.94214
-0.6359
5.51682
3.3175
3.9242
0.4729
2.378
-1.8385
2.8811
1.0067
3.5638
3.8654
1.6067
2.9725
3.1477
2.4477
3.7023
-0.7139
3.1667400000000003
3.3723
2.7597400000000003
4.10032
3.8933
2.1019
2.3649
4.56712
2.061
0.95282
2.92922
3.4037
2.3043
0.1073
3.4563
0.9123
4.4727
1.87002
2.22114
1.7236
3.31714
1.6116
3.2166200000000003
2.0167
0.7945
3.4084800000000004
3.3179199999999995
4.6610000000000005
0.5124
1.2509
2.565
2.90512
0.6841
-0.8548
-1.0081
4.3393
0.5249199999999999
3.8243
2.5746
1.4504
3.5882
4.34302
1.81956
4.5195
1.8289
1.5662
3.1684
3.8941
3.6492
4.1175
4.4727
4.0017
2.9282
3.31734
2.6989
4.10672
2.1879
1.3053
2.6718
2.74312
2.42186
2.8773
3.5138
-0.2737
3.2493
2.6312
1.2609
3.32594
4.2404199999999985
3.61832
0.97452
3.50754
1.011
3.1428
1.31082
3.9668
4.8092
3.28954
2.562
3.58102
3.75352
0.0731
2.7561
2.98904
1.418
5.0848
2.8602
2.7187
2.02278
2.3545
2.7648
2.5076
3.4806
0.28444
3.13294
3.2093
1.5641
2.06674
3.6127
1.29184
2.50562
2.4609
0.9878
1.20182
4.91794
2.3415
2.7647
3.9317
2.3077
-1.4723
3.6563
2.6387400000000003
3.0635
3.0403
2.2264
3.0942
0.4549
4.10182
2.74972
2.64942
-0.1552
1.4333
3.42774
1.9308
2.9773
3.298
1.31302
2.2151
2.9874
1.6776
2.54682
2.9204
0.30394
1.5246
3.4815
3.068
2.6438
3.1263
3.01918
2.09362
4.4099
0.1843
3.28232
2.9967
3.4242
0.2722
1.0496
3.9769
3.07772
3.4237
2.8367
0.7311
0.4265
2.2325
2.87416
3.84472
4.04672
0.9828
2.4672
3.4858
3.1824
2.1259
3.4716
1.8248
4.20138
2.6195
4.0611
2.4479
1.2249
0.2803
4.40944
3.0242400000000003
0.90672
4.1999
4.04622
0.5703
2.82062
2.54082
-0.708
4.9235
-0.913
2.9738
3.0862
4.4180199999999985
1.736
2.9107
1.83432
3.3989
0.5545
2.5256
2.2668
5.07802
3.3136
5.0887
2.4275
-0.7561
2.2902400000000003
3.5959800000000004
2.6507
-0.3098
3.217
1.3676
1.4928
2.0672200000000003
1.43538
-1.8776
2.69794
3.1938
2.8479
2.5351
2.00022
3.6186
4.2793199999999985
3.0935200000000003
3.5752
0.5191
3.17722
3.4404
2.8799
1.4279
0.3772
2.2482
2.86504
3.1729
3.5263
1.189
1.90438
3.214
2.4441200000000003
3.0975
4.28742
3.513
2.0936
-2.2908
2.588
1.46562
1.9039
2.61404
2.9967
2.2642
4.02704
4.3863
3.4309
2.5867
3.932
1.4464
3.01552
2.8928
1.7876
1.0876
-1.0725
2.8148
0.6323
3.1358200000000003
3.332
1.81308
3.9933
3.617
1.8895
1.81
4.4282
4.29616
2.3735
1.9266
2.2002
1.3082
3.3598
3.0663
3.4056800000000003
0.3188
-0.0597
4.27666
2.5371
3.4411
1.62382
3.80972
3.6767
1.86914
-0.5926
2.6166
2.355
0.9993
3.1594
-0.3306
4.2882
2.6133
4.5377
4.3385
1.66258
2.2913
3.4265
2.58992
2.0177
1.83802
0.0554
2.1152
2.03982
2.6508
3.75244
1.0923
3.36502
0.08422
0.8671
0.3043
0.77304
0.718
0.1485
4.93388
3.2084
2.2655
3.8074
4.20712
3.4458
4.5918
3.4856
2.1172
1.91062
1.81346
3.80108
3.5723
3.8797
2.9073
2.1939
1.7766
1.98682
3.7296
2.9049
3.38766
3.5495
0.328
0.5153
3.41552
3.3461
1.2018
0.74452
2.1915
3.12768
3.268
3.58984
4.52392
-0.3554
1.9877
3.57534
3.80372
3.99074
2.1781900000000003
0.8825
4.3385
5.0474
1.84662
1.8844
4.25142
3.21619
0.8711
2.2801
2.8152
2.74812
-0.3864
4.5284
3.0436
3.3842
2.50661
1.9609
3.8251
4.0044
0.4723
4.07528
2.8791
2.6701
3.013
-0.1744
5.1086
4.0652
2.2525
4.11932
3.3738
2.31852
0.4591
2.77542
4.3602
-1.23238
2.2138
2.5791
3.05078
-0.9063
4.00282
1.3214
3.6843
3.907
4.24334
5.59662
3.3768
0.1085
1.8196
0.8134
1.44642
3.8014
0.6144
3.4186
4.3055400000000015
0.97918
2.07208
3.01418
4.4351400000000005
4.4822
1.311
3.35244
2.1093
1.8989
3.1951
2.9378
0.12712
4.4754
1.8707
1.7576
3.10072
1.7524
1.7329
4.168819999999998
1.86802
1.4878
4.1919
1.9121
4.7047
2.1248
2.7230000000000003
3.36926
1.8417
2.4761
3.3512
2.16094
4.16384
2.0142
2.775
1.94848
3.3329
1.87793
4.3556
2.7899
2.2364
2.2673
2.64482
0.9688
1.6937
0.9443
4.9391
1.92484
2.6127
2.2683
3.4395
1.888
0.9345
1.7278
0.6149
1.3244
3.04
3.1174
3.8598
2.6397
3.3604800000000004
3.91904
1.6331
1.2915
3.54952
2.49872
3.0248
3.3585
1.31052
2.0321
1.165
2.3187
4.5673
1.42542
3.9326
3.7446
3.78542
1.2104
1.2982
2.2892200000000003
1.99252
4.5273400000000015
3.0296
1.3472
4.07302
3.14538
2.389
3.4063800000000004
3.2615
3.3253
2.4906
1.8128
1.6322
1.8065
1.8397
4.1083
2.945
2.5315
2.48584
0.48474
2.4253
1.2597200000000002
2.01648
3.5472
1.90484
4.32852
3.03742
2.35784
2.7253
3.2709
2.1197
1.5411
2.1619200000000003
1.4405
-0.0923
1.456
3.6088
3.3309
3.5247
4.145
1.8827
4.885
3.2260000000000004
0.9702
1.2856
1.838
0.9798
5.0858
0.684
0.032
2.7827
2.9039200000000003
5.6107
0.9929
3.2701
2.3968
2.8901
0.1525
1.7159
2.1146
-2.5284
3.76218
0.3885
0.5494
2.0902
2.5979
1.6283
3.4298
4.3922
1.6306
4.04472
1.4008
3.2258
2.0459
2.829
1.4175
2.5469
4.62094
5.08132
4.01044
3.5235800000000004
3.5863
3.00082
1.9177
1.9484
1.9244
1.14442
2.94424
3.9595
-0.0183
3.5082
4.48294
1.4432
3.4207400000000003
2.49372
2.1795
0.2947
2.253
0.5237
3.14242
2.40314
2.4835
3.2276
1.903
4.6558
1.8556
2.3514
2.8126
2.0395
-0.2222
3.57932
3.1902
3.1458
1.5994
-0.20192
3.0378
1.8826
2.82734
3.1188
4.1576
0.2706
0.19804
2.9651
3.1892
3.19472
4.0795
2.62828
4.6522
3.2823
0.5698
4.4614
4.44032
3.1349
4.4669
-4.0201
1.9392
2.45982
1.81452
1.45278
4.1947
4.9239
3.1378
3.024
-0.55878
1.5628799999999998
4.2608
4.2656
-1.865
3.56504
3.607
-0.9354
1.83808
0.06952
4.66
2.3827
2.1658
1.3062200000000002
4.27914
4.4361
2.15946
2.3978
4.13282
0.1416
3.8352
2.4706
2.78592
3.3268
3.1039
2.68532
0.0939
1.38788
2.80582
3.9228
2.08972
-0.0278
0.7652
3.8972
3.56512
4.8112
0.889
4.5001
3.495
2.6558
4.3764
3.31172
1.385
-1.0097
-0.2933
1.90932
3.86774
3.3767
2.206
2.0893
3.1874
1.393
3.5138199999999995
3.89362
0.19168
3.4046
-1.1003
2.23232
2.7654
2.231
2.5973
2.6952
2.7736
-1.4632
4.1319
0.7242
3.0931
1.95008
2.48778
2.5501
2.2927
3.0858
4.5881
-0.6434
3.30242
3.1601
0.0548
3.6024
0.28444
2.59032
3.0408
3.6378
3.65554
2.8567
1.0476
0.6829
1.1739
3.9038
3.3073
3.8375
0.2137
3.75342
2.5563
4.0858
-0.119
1.9942
0.1467
2.64604
2.2939
3.18838
1.9243
5.0631
2.3043
3.34752
3.95154
1.2482
3.2047
3.4359
4.9543
3.3226
3.4248
2.5856
2.13482
3.811
3.4152
2.93092
1.7625
3.09148
1.4914
2.42442
1.3316
1.9661
4.298
1.1309
3.29964
3.8488
0.96322
4.26778
1.1981
2.2433
1.6333
2.1705
1.39008
4.5149
2.6734
1.9411
5.3383
4.5395
2.06032
2.8659
3.8183
2.82912
2.6207
1.96
1.21434
2.0522
3.2811
2.31584
2.82882
2.0008
2.8216
0.2689
2.7072
2.5422
4.03022
1.9697
3.1467400000000003
2.6563
2.13562
2.19202
3.2659
3.43
4.7482
3.8903
3.05202
2.2308
-1.3943
4.06704
3.2474
3.5489
1.0151
2.5340000000000003
1.02122
1.94362
2.17766
1.5477
3.2646
3.235
2.4129400000000003
3.25904
-0.2612
1.02162
1.8142
4.4752
2.45444
2.3428
3.5958
2.2704
3.97472
-0.6851
2.6109
3.4718
1.6584
5.2739
1.9518
-1.35068
2.3449
0.32108000000000003
2.18932
2.3035
3.31712
5.0668
3.9254
2.07832
-0.29118
2.2862
4.96162
2.0377
3.1089
4.05642
-0.8057
3.86522
3.6124
4.98588
3.0137
1.4447
1.4467
1.6723
2.59844
2.63632
3.90014
1.17082
2.2106
2.7321
2.8346
2.8916
1.9725
1.3059
1.6422
3.6838
1.8787
3.7414
3.00592
4.0155
4.2902
2.4671
3.024
2.6365
3.2697
4.3292
3.3671
2.6103
0.2051
3.3977
0.9957
2.90172
0.89938
0.98412
3.8404
2.1924
0.6282
3.0751
1.03222
-1.2709
1.90222
1.3194
3.6468
4.05914
2.4951
0.0782
3.6506
3.20572
3.9507
3.737
2.1199
2.5507
2.0808
4.16372
2.0749
2.50542
3.8171
4.7294
2.6944
1.0247
-0.20958
2.649
1.26
1.6638
-0.1604
3.432
3.5087
3.04902
2.32622
1.5006
4.04352
3.05438
1.23412
2.28222
1.7652
2.65548
4.10424
3.4756
1.56
1.3455
2.171
1.1417
3.53662
3.7347
-1.1995
3.9577
2.34346
0.9013
1.35282
4.50419
2.6479
3.55922
4.3594
2.1888
4.44914
1.0102
0.9689
2.6311
0.2194
3.87846
1.5924
0.2837
3.18532
1.6922
1.65262
3.3947
3.2783
3.88652
2.8364
4.4423
1.3596
3.0114400000000003
1.6937
2.43962
3.5305
2.7271
-1.9659
2.65432
0.606
4.0496
2.925
0.5123
2.0309
2.95158
0.7252
0.9718
2.5697
5.0825
0.2663
-0.1673
0.4698
2.3594
3.0936
2.4266
4.0433
2.4747
1.612
2.8713
3.1064
4.5341
2.5742
2.5598
0.2523
1.1691
-0.0899
2.7828
3.2846
2.9749
2.9256
3.0249
3.5174
3.649
3.6415
1.5632
2.1833
3.4389199999999995
3.3141
3.01962
3.0578
4.4595
2.1143
2.21522
1.676
0.3036
1.7614
4.4393
0.75888
4.0635
0.6828
2.47802
2.4727200000000003
2.66092
3.89844
1.31168
2.4011
1.8229
1.01874
3.6268
0.9878
2.0095
3.4662
-1.4382
2.37102
3.27622
0.5281
1.0153
3.0021400000000003
4.0868400000000005
3.4384
-1.73588
0.638
4.39112
3.11792
2.9582
2.10618
2.05064
-0.142
2.8219
4.4551
-1.02068
3.612
4.8849
3.05562
4.4612
3.6541
1.7898
4.5347
3.10632
3.8544
3.0914200000000003
2.66302
0.925
1.5917
3.29754
4.5208
3.41622
2.32862
3.58204
4.963
1.3977
2.3811
1.6716400000000002
-1.12808
4.0527
2.3988
4.287
3.06992
1.852
3.8213
2.9115
0.3709
0.4039
2.6334
1.5535
2.8347
0.5542
2.121
2.81814
5.66362
1.58918
2.9706200000000003
2.40492
3.0644
3.9993
2.1051
-0.3327
3.89522
2.9502
1.1948
2.8462
2.1345
3.0354
1.2593
2.92714
4.1924
3.6752
0.5317
3.51502
2.65146
-0.0034
3.43842
3.54212
4.9814
4.06088
1.62702
3.1036
2.3274
3.29922
2.684
4.91974
2.62922
4.1345
3.35592
3.3551
3.2903
3.2707
2.9236
2.7327
1.0553
3.84282
4.3236
3.2894
3.0844
0.9431
2.54172
4.2305199999999985
4.176819999999998
2.4032
4.1288
0.7739
4.41292
1.1974
1.7304
6.0966
2.5636
1.7149
4.9326
1.5739
1.4794
1.7769
3.7136
-0.4404
3.2266
-2.47038
2.7551
1.5373
1.94632
3.6992
2.5589
0.6213
1.3763
0.8921
-0.95288
1.484
2.2664
1.327
0.9498
3.7987
2.2587
2.81592
3.91752
-2.9758
1.6973
3.7097
3.7617
2.7909
4.4895
2.9929
1.87324
2.8474
4.3541
0.5349
3.1826
2.9806
2.0195
4.0144
0.3388
1.82682
1.2347
4.19718
4.7415
2.68332
3.2082
1.95172
1.37092
3.91892
0.9951
-2.2097
-1.4787
2.9029
2.2332
3.9293
2.69232
2.4764
1.8454
2.658
2.0081
3.1742
1.8171
-1.48198
0.1476
3.43376
1.9366
3.5131
2.9104
3.7672
1.6917
4.3359
1.36664
4.15094
2.69002
3.9309
3.16004
1.3325
-0.6141
2.5639
3.1496
0.9375
3.0007200000000003
0.8517
1.8214
3.3937
4.4340199999999985
1.8132
3.04922
3.09222
2.1731
3.92718
2.64502
3.22014
1.6938
-0.5068
4.1054
3.4091
2.3791
-0.7466
3.7373
5.17781
-1.0252
-0.6951
3.97162
1.9167
0.0124
4.7897
3.97996
4.40604
2.6213
-0.1817
0.5387
5.5209
2.1982
3.7477
3.5225
2.92122
1.18192
-0.499
1.849
0.46728
3.7033
3.4537
0.3555
2.2071
2.31992
3.5486800000000005
2.3737
4.67
4.01786
1.7324
1.4376
2.52684
2.41462
2.7669
4.2392
-0.2452
1.66622
2.0279
2.71
2.3717
0.7924800000000001
1.4076
0.6724
2.8076
-0.0412
1.71
2.0976
2.6891
2.3262
3.2032
2.4846
4.3325
0.3613
1.76112
-0.9227
0.5816399999999999
0.606
4.09962
4.1519
5.2254
1.54132
4.6924
3.2449
4.0657
3.73368
1.2958
2.4021
1.6636
2.757
3.592
2.7644
3.3563
3.3909199999999995
0.9845
1.23372
1.4259
0.1448
4.1302
0.2451
3.68142
1.1823
2.4971400000000004
-0.1536
1.04622
2.4728
2.7933
0.8950799999999999
2.4734
3.3152
2.53282
3.3605
2.7513
1.1525
2.9618
1.1055
2.5568
2.074
2.63318
2.2796
4.04202
1.7061
1.1277
2.7552
2.5869
1.2312
3.689
1.3309
3.7227
2.66574
3.9324
2.6811
3.419
3.7659
1.3983
3.74022
2.0449
2.6243
3.93432
2.99044
1.41172
1.7347
4.1777
-1.0311
3.3059
4.01702
3.9663
1.5498
2.7755
2.0117
3.4173
3.7721
0.6222
1.80158
2.97502
-0.3795
2.0897
-0.14400000000000002
2.9834
2.2584
3.5894
2.5022
1.4467
0.72
2.1293
1.0138
3.2437
2.7958
1.83334
1.5535
2.0582
0.1646
2.6490400000000003
0.5472199999999999
2.4397
2.01464
2.8517
0.1486
1.96212
-1.5279
-0.1039
3.9227
2.6458
3.78302
3.47174
2.9321
2.92644
4.4074
2.0033
3.905
2.32524
0.7495
2.5832
1.56582
5.06756
0.6144
3.3644
1.4296
4.3475199999999985
5.3293599999999985
4.73062
0.0807
1.4088
0.16899999999999998
2.5415
2.29248
1.5753
3.1962
3.6624
2.1643
2.6635
4.27312
2.8047
1.20664
1.0059
2.89659
0.2886
2.1630000000000003
3.55492
1.6909
4.4092400000000005
4.845
3.14102
2.6974
3.6744
3.1522
3.18112
2.44922
1.4624
3.0289
2.8449
-2.8158
3.32412
1.9592
2.6766
1.2021
-1.0381200000000002
0.8897
2.705
4.3466
3.3022
-0.7172
1.5322
3.1559
1.142
-0.0285
0.6056
3.11292
2.0564
3.59934
2.7158
3.2364
3.6265
4.15154
3.1915
2.32822
-0.5308
1.7252
1.9708
2.8525
3.5238
3.17762
3.6516
1.8917
3.6644
1.96432
3.78558
0.0193
3.3688
1.9219
2.2601
3.4307
3.12186
3.78017
2.4145
-0.0297
2.90312
3.5817
3.45282
4.2747
3.60824
3.10402
1.4153
0.8512
1.4830299999999998
2.74502
4.62692
3.703
2.4232
2.8943
3.1788
3.9208
0.73132
3.2161
0.266
1.7429
4.2458
3.8419
1.6492
3.1973
2.94162
0.51932
2.4384
1.4665
-0.0942
2.73661
1.456
3.90282
2.5097400000000003
0.5309
4.3162
1.9327
2.03812
3.34282
4.6344
4.8564
1.98182
1.7255
4.56016
4.598
1.8354
1.9794
0.5263
3.6654
2.4891
1.5472
2.77972
5.31576
2.8018
0.8553799999999999
2.6454
3.9639
2.4041200000000003
3.6333
1.5858
2.8896
2.81712
3.64772
3.25674
2.9406
0.2001
1.1931
3.54292
0.069
4.0838199999999985
2.93992
2.04396
2.84432
2.9624
2.26532
2.44949
3.69062
2.781
1.9643
5.2466
3.9043
4.37894
3.5424
2.9889
1.6329
3.159
0.8086
2.90082
1.57502
2.60052
2.5485
2.60312
2.9917
3.2849
1.7528
3.59642
0.91764
3.5598
4.5913
0.7726
2.72832
3.61178
1.5321
1.1206
2.45902
4.39418
-0.0422
2.54622
3.9588
2.2883
0.8914
1.25712
2.9827
3.65672
1.338
2.6361
3.888
3.3866
5.3255
2.3512
4.3967
3.3061
3.2271
1.3064
0.0679
4.7892
4.41006
1.6238
5.1045
2.1626
3.1963
-0.2425
4.91772
3.1888
2.4306
0.8861
3.6556
1.87446
3.05492
-1.0044
2.82002
1.807
4.7221
2.20032
4.03394
5.7758
3.7488
1.9475
4.52762
1.88118
-1.3594
2.4261
4.2984
3.9824
1.8476
1.1575
1.9962
2.87342
2.2318
1.98138
1.1799
0.1032
3.1587
0.0627
1.9355
0.6634
1.56682
1.52
2.5726
2.9424
3.1577
2.299
3.9959
3.491
1.891
3.3760000000000003
0.0311
1.9928
4.5992
-1.5678
3.88572
2.4592
2.28138
2.35072
4.58252
3.6657
2.3072
3.6937
1.6167
2.5142
3.1423
2.9960000000000004
-3.7463
-0.1126
2.24072
1.77322
2.6444
1.7289
2.60902
3.6025400000000003
4.04442
0.4525
4.08932
3.6646
2.29888
1.7383
1.21774
1.09204
1.2638
3.44782
3.38322
3.82774
0.31912
1.1352
0.6402
2.915
2.2107
2.0607
2.58792
3.86542
4.7461
0.0309
2.521
1.96
3.0832
3.76308
4.98382
-0.7104
2.8299
4.1688
2.4578
2.3558
4.22282
4.6374
2.9982
1.5509
1.5597
1.98462
2.26551
2.88332
3.5407
5.81802
0.16772
-0.539
5.2344
2.3931
3.1299
-0.2835
1.42114
4.3629
1.4643
3.395
0.8426
3.20272
0.06212
5.36418
1.0833
2.9118
2.65991
0.6254
2.6917
3.4473
3.5101
2.6397
3.6374
4.345280000000002
2.12564
1.4189200000000002
3.56072
1.79584
3.23098
1.6674
0.0167
0.933
3.0742
4.3735
2.777
1.8357
3.40436
3.8862
1.1549
2.79884
1.31582
-0.3831
2.3496200000000003
1.7253
2.5624
1.79182
1.5475
2.6293
4.322
2.5899
2.0419
3.0756
2.87062
3.6186
2.48522
3.45852
3.0092
4.5772
2.6927
3.84172
5.2106
2.5343
3.54482
4.2891
0.55202
1.9654
1.13102
1.57744
2.568
2.0845
2.39122
-0.424
3.5607
1.9277
1.26994
3.71804
3.08812
2.4812
4.1571
4.8776
2.7481
5.1473
0.7709999999999999
2.9142
2.3817
3.0972
0.4082
2.0102
0.1118
0.6559999999999999
1.8054
4.4487
2.3423
1.4406
3.69534
3.1213
1.1777
3.09682
-0.7005
3.4456
0.51002
1.4853
2.6922
0.6895
2.7435
3.5185
2.3429
2.6873
3.4616
4.36918
0.1249
2.2964
4.1154
1.8124
1.5087
1.8604
1.258
2.7944
0.16654000000000002
-2.37958
3.4036
0.5846
4.288
1.0146
1.58372
-0.2325
-0.9534
3.74952
5.3019
3.1361
1.8183
3.1171
4.2568
2.9426
1.5269
0.7306
3.3957
4.1733
2.0975
2.88252
3.4936
2.5719
3.6507
3.5829
1.8865
4.6831
2.9286
2.3375
3.4214
2.17392
4.6802
3.5849800000000003
1.05502
2.2667
3.2401
2.0588
2.46272
-0.7406
2.7036
3.5085
1.398
2.7645
3.3998800000000005
4.0946
1.6919400000000002
3.50078
2.8197
1.2377
2.4814
4.2422
1.9479
0.11024
0.6293
2.5377
3.2977199999999995
-0.126
0.6159
3.579
3.716
3.408
2.1302
4.8886
2.9569
3.1195
0.4793
3.661
0.3075
1.2207
2.371
2.7766
4.64214
3.87074
2.0167
3.83332
0.7648
2.4334
4.0805
-0.2235
3.3549
3.4572
-1.02228
-1.7436
2.48192
3.97
2.2731
3.2547
4.14882
3.7618
-0.8722
0.3318
2.97742
3.8882
1.7861
-0.7532
2.1904
2.1971
3.6729
-0.2663
4.83542
1.3371
1.0547
3.1868
1.9356
2.8356
2.71392
0.4429
1.8592
3.97964
2.5024
1.2692
0.41668
2.19442
3.3699
3.2068
3.4928
5.0309
3.2858
3.6836
3.73542
0.7217
2.1678
0.9113
2.5965
4.4106
3.1266
3.58462
1.5776
2.28202
2.8102
-0.5587
4.49722
2.7094
4.6492
3.18764
3.4266
0.51154
0.3768
2.50882
3.0063
0.1775
4.16
1.6448200000000002
-0.2716
1.34302
2.6728
2.43938
3.1438200000000003
1.0087
2.22892
1.4522
1.3662
3.138
3.6379
2.4202
0.68711
5.2349
4.0616
4.34694
2.85842
2.111
0.7751
0.0251
3.8408
4.5791
2.224
2.78704
2.6273
1.3430000000000002
2.4734
1.839
1.47792
1.6357
0.8498
3.1425
2.78412
1.9671
0.8042
2.332
2.4578
2.8467
3.0902
0.8896
1.2529
-1.2521
4.66482
-0.5013
0.7258
0.8056
2.0658
-1.5668
1.432
2.15592
2.5017
-0.1156
2.911
2.4838
2.1046
1.93542
1.4036
3.4258
3.30552
1.4708
2.24702
2.7102
2.9774
3.956
3.95662
2.8598
3.15342
0.6182
1.88154
3.4372
0.8982
2.19912
2.5426
0.1641
-0.8999
0.9679
2.29624
-0.6215
2.50068
2.58354
3.8931
3.5721
0.8994
3.6272
2.54726
3.80012
4.15412
4.7788
5.0232199999999985
1.0559
3.6008
2.226
2.2442
4.2103
2.8749
5.15
2.1528
2.1526
1.793
-0.25708000000000003
0.91644
2.9384200000000003
-1.1262
4.0561
4.8439999999999985
3.41638
2.99892
1.2513
3.72292
2.4466
3.52092
3.5895
1.0765
2.761
3.015
-0.3702
1.41394
3.9513
1.53502
0.27812
2.4126
3.63132
2.4020200000000003
3.24928
4.3476
0.1062
4.11492
2.1928
2.46002
-2.024
3.95338
3.9815
3.63182
2.9011
2.61862
1.89212
2.4026
3.8589
2.3398
2.7975
-0.4234
1.1846
4.4626199999999985
1.1783
1.7514
-0.3474
3.29742
4.11932
4.89562
-0.1011
1.5836
1.1026
3.3049
1.7800200000000002
0.3581
2.63362
2.7865
4.9812
1.06002
3.3474699999999995
1.2031
2.6433
3.4723
1.7916
2.548
0.8322
3.47506
2.3385
0.5206
1.3528
0.9705
0.4852
1.36382
1.001
5.1458
0.1987
1.49208
3.6774
3.42842
2.86592
2.03422
3.6736
1.91964
4.1332
2.2475
2.73882
2.4159
3.2244
3.1721
3.5358
2.49932
2.94
2.57563
3.3819
2.64794
3.8866
1.5953
-0.6008
4.3275
1.4797
2.147
3.8812
1.7204
2.4508400000000004
3.0532
0.38522
1.63242
1.6248
2.2511
4.1101
3.98032
1.6932
3.9445
4.9005
2.91934
3.2525
0.7689
0.4552
3.63874
3.43052
3.4823800000000005
3.0981
2.7302
2.032
4.3776199999999985
4.45052
2.12912
2.8456
0.6963199999999999
2.84892
1.3161
3.66782
2.5206
2.6358
4.3226
3.8171
1.1211
2.6321
3.207
0.3795
3.4581
0.9091
3.8554
1.1229
2.0517
1.5677
4.00654
3.66064
3.3265
4.747
3.5517
4.5449
4.0515
2.8347
2.2448
3.6644
0.7717
2.6066
1.1886
3.9078
-0.7078800000000001
-0.3208
4.174
0.7841
2.89982
2.34672
3.06712
3.4322
3.4596
2.9810000000000003
0.4332
0.11694
1.3314
1.5274
2.418
1.7646
0.3302
2.0182
3.5303
1.9626
1.8152
2.5479
2.5721
-0.6957
2.2292
3.6176
0.4724
-0.7191
1.95414
3.95158
1.5986
3.44
0.8828799999999999
2.2234
2.75622
1.2072
3.87522
3.6584
2.3918
2.49574
3.2317
2.99732
4.642919999999998
3.3864
0.62102
2.4892
-1.0428
1.8149
2.0157
3.41374
-0.5711
0.7256199999999999
2.1073
2.79308
4.1164
5.5967400000000005
2.71732
3.1845
3.98692
-1.6105
1.2637
2.3999200000000003
4.046
2.1279
1.61692
3.39184
2.68514
3.79754
-0.2115
0.8756200000000001
3.3545199999999995
4.1132
3.58584
2.53974
2.1337
0.5897
4.6729
4.29654
3.04916
2.4923
2.6922
4.5727
1.0287
3.17642
2.658
4.1164
3.03722
3.23198
0.8644
0.77912
2.7810200000000003
2.5788
4.6693
3.5293
1.2925
4.39074
0.7013
0.27172
2.21212
1.7102400000000002
2.1844
2.1914
3.49562
2.37892
3.08052
2.3867
2.0276
4.6384
3.74908
3.1664
2.3068
2.48442
5.1016
4.7252
1.7863
3.21672
1.7478599999999995
3.32666
2.2438
2.7515
4.01342
0.4545
2.9117
3.7353
0.7892399999999999
0.8737
1.62532
4.73684
-0.1705
4.473
4.1169
2.2178
2.76982
4.06942
0.7083
2.592
0.7659
0.0331
3.641880000000001
1.466
2.1747
2.4109
2.2461
3.0529
2.1945
0.8807
4.758
1.726
2.2646
1.8818
3.38962
1.4425
0.0724
4.1753800000000005
4.6256
4.6764
0.757
4.17402
0.9128
2.6053
1.5542
2.02558
0.5794
3.7968
3.3973
1.7352
-0.4001
3.93844
0.7435
3.369
4.5524
2.3894
3.91727
0.5240199999999999
0.5734
2.0086
3.3005
1.87902
5.24264
2.66882
2.8791
3.68356
4.2378
4.5011
4.53852
1.78572
2.5417400000000003
3.0588
2.0857
0.73548
2.9263
0.8286399999999999
3.37346
2.97518
-1.5578
-0.2271
3.8537
2.1381
3.5578199999999995
3.6895
4.73402
2.6079
1.92658
3.2806
2.70709
5.13692
3.2841400000000003
4.2481
2.084
2.2686
3.0723
1.68852
3.3488
1.6032
4.30388
2.9948
1.5161
2.28618
3.49764
3.7253
0.9866
2.6797
-2.072
1.1737
0.12362
3.94434
4.54494
2.6427
3.1205
1.818
4.06262
0.80694
-0.9719
0.5687
1.47272
3.937
-0.8062
3.2902
3.3376
2.61202
2.2944
0.099
4.747719999999998
2.9361
3.3136
-0.2759
0.9599
2.4237
3.1377
2.559
3.47594
1.9032
2.82102
2.52458
4.2904
3.0158
4.0539
0.9059
2.1981
3.19
4.4972
2.9727
2.699
0.3143
1.1706
2.4809
2.5758
2.4355
1.3382
-1.4033
3.77012
2.5126
2.5167
3.1262
1.9179
0.2714
4.8315
0.1843
2.5464
2.75612
3.4636
1.91584
-2.0306
1.996
2.2783
2.8912
2.6305
2.09202
4.2023
1.83744
4.1287
2.90642
3.1661200000000003
2.06518
2.441
3.21332
0.7149
1.11422
2.52172
0.8887200000000001
3.3143
3.06712
2.5168
3.045
2.7701
2.1164
4.256
2.3106
1.6626
3.1472
1.2887
0.9118
1.586
2.0258
3.5125
1.1982
3.0149
-0.57122
0.7203
0.376
3.8738
2.0552
3.6319
0.06658
3.4131
3.57292
3.64044
1.0711
2.451
1.9049
3.8785
0.8902
1.4095
6.0048
3.4784
0.7774
0.1688
1.9268
2.8779
3.58792
1.66072
2.6379200000000003
4.0228
2.63402
2.97214
2.98422
2.80222
2.1787
1.11382
1.6417
1.46164
-1.0422
3.5981
3.0357
1.9049
3.1811
2.1402
3.4404
5.0462
3.33952
1.2711
1.97744
3.6983
2.6338
3.1071
3.1417
2.03162
3.89
2.5284
2.3678
3.54692
2.3851
4.0757
-0.2789
2.371
2.9623
3.6669
1.56008
3.4692800000000004
1.3599
3.18284
2.5323
4.05322
4.8437
3.2516
2.82114
-0.3487
3.91792
4.1452
3.0404
1.3711
4.3834
0.44042
2.47054
0.7761
3.8273
0.2876
1.6928
-0.5132
2.4209
2.0088
3.437
2.08032
3.1566
1.0079
0.5703
-0.4896
3.3441
2.1924200000000003
3.2534400000000003
3.74042
3.6868
3.79072
-1.6429
3.91574
3.3436
1.7559
3.4773
2.15276
2.2575
2.5228
1.64824
3.1907
1.40938
1.2047
4.7742
2.0628
1.4268
4.6529
2.66764
2.4425
3.6809
1.1199
2.2513
1.59304
3.1163
1.66052
0.50248
-0.32966
-2.9459
3.60628
2.29872
0.58132
-0.3168
3.3186
2.5663
2.8149
3.862
1.3952
-0.1589
4.37132
0.7836
4.1040199999999984
4.2834
4.18904
4.0091
1.73942
3.6425
2.73742
-1.5101
1.9798
2.96062
0.8366
1.79312
0.5864
0.542
3.07962
2.3689
4.2392
3.1352
3.2419
3.71114
2.58964
2.6844
2.59518
4.0634
1.6038
3.4972
2.0402400000000003
0.4248
0.4652
4.15982
3.1018
2.4414
2.275
4.1349
4.2346
1.4527
1.64634
3.2727
1.8102
3.2162
5.4333
0.86162
1.4779
1.69202
1.7776
2.60402
2.1493
4.4505
3.5189
-2.381
0.5058
3.77142
2.0526
3.3585
1.7308
1.98524
3.90232
-1.1317
3.4105
1.31768
-0.4337
-3.2942
3.47492
1.4582
2.1544
-1.9028
1.5619999999999998
1.9991
1.49022
3.0618
0.96374
4.42842
3.8103
-0.6477
2.5977200000000003
-0.5069
3.4557
3.4672
1.7662
4.65102
0.1486
2.9141
0.3864
2.6538
3.4655
2.4287
4.78512
3.68382
3.15144
1.351
1.9591
2.54304
3.6997
2.53772
1.3583
4.65876
2.9644
0.2067
0.0463
5.2093
3.945
0.564
3.71228
3.276
4.0135
1.9341
3.40762
5.0145
0.7709999999999999
2.89952
1.4283
2.9649
2.9197
1.6608
1.3785
4.0082
3.2256
-0.2575
3.4131
3.3015
0.1625
2.60052
2.6442
2.4012
1.53542
3.942180000000001
3.59362
2.0958
2.39612
4.4197
2.6586
4.444
2.9534
2.55352
-2.4434
2.6705
0.54094
4.39684
3.3472
2.34692
-1.414
3.6629
0.58772
-1.4949
3.50322
1.92114
2.7563
4.19176
3.5626
1.5356
2.1972
0.8073
3.94542
3.48396
3.35382
3.5923199999999995
2.18554
3.5103
1.7994
1.64628
-0.3222
2.1416
-2.0767
2.17322
3.4378800000000003
1.7642
4.2098
1.9628
4.0171199999999985
1.2272
1.8625
0.1043
3.63902
2.5279
2.2602
4.7447599999999985
0.9506
-2.9357
1.0503
2.85732
3.4204
0.74408
3.7935
2.02772
1.604
4.65262
3.97462
3.35302
2.6578
2.6754
3.0835
3.94562
3.30272
4.0209
2.6969
2.6215
1.1071
2.5214
1.19568
1.8487
0.4362
0.5184
4.2301
4.1175
1.6193
3.54352
2.7165
2.5378
3.213
1.0706
3.4266400000000004
1.148
2.69678
3.5119
3.5816
1.6003
1.5583
-0.9226
2.4442
3.1724
3.03318
2.4049
2.00292
2.434
3.46144
3.1411
3.3440199999999995
0.8162
1.6708
3.9383
3.3318
4.23212
3.49084
2.20608
1.7927799999999998
4.0171
3.0876
3.5324
4.65952
3.1528
3.64992
1.70572
1.1708
0.6944
3.7418
1.0626
2.23602
4.0173
0.55048
3.0660000000000003
3.7913
3.27872
2.4456
1.3886
2.1679
2.32832
-0.4523
3.3406
3.0727
0.95852
3.4625
2.8232
2.04
3.7014
1.25712
2.29572
2.7299
1.1057
2.74098
3.79444
1.1755
2.8739
3.0565
3.90812
3.346
0.0326
1.5623
4.43984
3.3309
2.9525200000000003
2.22632
3.5197199999999995
3.547
2.14252
4.47954
3.3634
3.41732
3.2517
2.7374
3.11214
1.71102
2.6009
4.088419999999998
3.26434
2.98184
2.6884
2.0208
2.3406
3.74682
2.4807
3.02992
4.89852
3.911
0.6745
3.3837
2.3431
3.98424
4.6993
4.0539
1.9445
2.88662
3.29292
0.5001
2.5001
2.6277
3.2659
0.10652
1.3682
0.9309
-0.4875
1.3349
3.4184
3.6135
2.1546
0.0329
1.99512
2.5761
1.7935
0.6656
-1.1136
1.1605
3.76364
1.5103
3.67572
-0.5679
4.0511
3.7912
3.3682800000000004
3.03582
4.2562
2.0713
1.7241
3.3662
2.8302
0.3625
-0.4397
1.2154
0.2661
4.2355
1.6961
3.5729
2.40168
3.8057
1.1808
2.4708
-0.2322
3.79764
1.73732
0.999
1.01032
0.94062
2.84762
4.6692
3.51568
3.2623
-1.5648
3.74474
0.6846
4.6171
2.5146
1.5837
2.4220200000000003
3.73862
2.8324
2.4644
3.75209
2.19464
3.2867
3.2553
1.8199
0.7218
3.7904
2.74022
3.48388
3.4216800000000003
1.4826
1.81592
4.9514
3.27652
2.0328
2.40512
1.89522
4.71164
1.5884200000000002
2.6676
1.4982
2.38754
2.379
2.4809
3.87934
3.414
-1.3457
2.8787
2.6925
3.9108
3.3237
3.2167
3.5610000000000004
3.11822
2.2617
2.5801
2.777
3.50592
2.4486
2.0398400000000003
4.3937
2.42922
1.7873
2.5275
1.7276
0.3793
3.84378
1.8689
2.0413
-0.9784
3.88022
2.65734
4.5945
3.57142
4.0222
1.8983
2.5618
0.69494
4.0206
2.7038
-1.957
2.39072
1.6538
3.3917
3.94872
-1.5461
-0.7232
3.1796
2.9889
3.5124
5.28422
3.9491
0.4959
1.1762
3.26054
1.49632
5.038119999999998
0.35302
-0.134
3.1017
-1.1017
4.2179
3.2852
5.2098
0.301
3.99168
2.555
2.79312
3.85098
1.80958
1.7272
2.1079
1.58092
2.16772
-0.18808
1.5333
2.2815
4.8811
3.72532
4.7568
0.91342
3.8591
0.7689
3.8845
4.1668
1.2161
0.6177199999999999
1.114
3.4455
3.3104
2.3926
3.0122
2.46292
1.3865
0.6483
2.5474
5.06762
3.59972
3.04294
2.1957
2.349
2.83082
2.8555
2.24784
0.647
3.129
3.2207
3.19008
3.7526
-1.7875
0.8674
1.1090799999999998
3.7304
4.9752
4.0484
3.4382
4.55044
1.6443
3.352
2.7455
2.2963400000000003
1.7336200000000002
-0.0786
1.513
3.7646
2.3879
4.422
3.1442
2.1298
1.35832
1.82334
3.3055
1.3562
2.3519
4.26602
2.06082
1.0291
3.0238400000000003
1.654
2.0978
1.1085
2.4723
3.96822
2.7716
2.0402
3.78444
2.4503
1.4968
0.1439
2.8429
0.2401
3.2574
1.0857
1.93022
0.6566
1.3711
1.9539
2.0943
2.46664
0.90114
0.6277
3.56
2.1206
2.7632
1.77522
1.6723
1.65972
-0.06527999999999999
3.06182
0.1119
4.1492
4.46744
1.4191
3.5123
2.94552
0.5759
4.0647
1.944
4.9856
0.0643
2.8609
1.6451
2.1649
4.4531800000000015
3.2510000000000003
2.2309
2.1772
0.936
2.40482
1.6998799999999998
3.02942
4.14586
3.8538
2.9961
3.1229
0.0781
1.96951
5.7448
3.0836
1.9424
3.1897
3.80542
2.74762
0.0767
3.6296
3.589
3.10022
4.1768
1.62572
1.5306799999999998
1.082
3.6797
1.76852
4.73572
1.766
1.868
3.83932
3.3663
1.99982
3.815080000000001
3.7613
2.5057
4.2783
3.5999
1.76552
3.64574
3.8296
0.3128
3.8648
2.4931
1.601
1.73302
2.2724
2.94362
2.7034
0.03692
3.7032
3.1121
1.6570200000000002
4.93222
0.5963
0.4663
4.75614
2.5773
1.9727
3.5944
3.0247
0.2191
1.4925
3.9084
2.2805
-0.6687
0.9116
4.1034
2.4489
-0.0093
1.42614
3.21028
2.9512
-0.0301
2.48184
3.7976
1.4309
0.6186
0.58928
4.1379
3.0409
3.4709
2.7089
3.66482
0.0272
0.7819
1.8955
2.10858
2.75582
4.477
3.2804
1.7742
2.58278
4.2347199999999985
2.669
2.52102
0.4708
2.52022
1.9692
4.8907
3.1926
3.31902
2.168
1.0429
3.1352
1.3858
2.1408
1.7997
-0.39678
3.281
-0.8762
3.0963
4.60532
2.79996
3.27822
2.6729
1.0906
1.9083
2.8835
2.0356
2.73982
2.70502
3.58192
-0.162
2.0246
-0.8156
2.50592
3.2374
1.5316
3.0261
4.8411
-2.3526
2.08622
2.4581
2.49592
2.70572
3.1806
1.66802
3.71604
2.7728
1.8294
3.21892
4.48838
2.8777
3.4269199999999995
3.6101
0.8021
2.8147
3.81434
2.5598
2.70262
2.08638
2.8251
3.45994
4.6579
3.574
0.5191
0.7305
3.6076
2.1774
2.46922
4.04284
0.9952
4.2639
3.9544
1.32514
1.08214
4.2863
2.4273
4.41274
1.97842
3.5717800000000004
-0.14488
4.48484
1.0594
4.1966199999999985
1.4284
3.73958
3.6005
1.8973
0.54392
2.3016
1.3868
2.8072
0.7123
3.70084
-1.0234
0.1787
1.8501
0.4846
2.20092
-0.2621
1.5692
5.56508
1.8679
1.54932
0.5068199999999999
1.18536
3.562
2.794
2.5199
2.9289
1.4267
4.35772
0.2947
2.8217
2.9772
0.8512
0.8833
2.0012
2.4732
0.9165
4.94802
3.497
3.26034
0.4351
3.0832
3.23164
4.00732
1.97432
3.7023
2.3588
4.22192
0.95462
3.7217
5.05762
1.0219
3.2303
1.87392
2.1782
2.2931
2.3888
3.6992
2.0484
1.00934
2.382
-1.2633
2.2465
1.7336
2.4069
3.50702
0.8151
0.934
3.49492
1.35981
2.2728
3.19239
1.7538200000000002
4.3783400000000015
5.0763
3.7846
3.332
4.1804
2.2327
2.37854
0.7154
1.2043
3.6813
3.04934
3.8523
1.7851400000000002
3.5092
1.9134
3.83962
2.42852
2.911
3.00342
3.0552
2.26312
-0.66788
1.2618
-0.2239
0.672
0.2043
-0.0446
2.8742
4.4948
2.3416
1.075
0.7659
-0.1803
0.1276
1.9616
0.0999
2.72302
-0.4674
3.1221
3.3793
3.1692
2.80692
3.944
2.0198
3.8717
1.714
1.85358
3.6879
3.44912
0.6939
3.12644
3.2908
4.0539
0.7157
5.14164
4.9239
3.3205
2.5073
2.2242
2.0754
3.39816
1.4704
3.05552
-0.43358
3.7584
2.69082
3.4268
3.33944
0.50162
3.87374
1.31774
1.22332
3.99212
2.7921400000000003
3.3560000000000003
0.3539
3.8774
3.37282
2.3047
2.85402
1.3829
1.9524
-0.91838
1.6814
2.43474
2.9453400000000003
2.8734
5.54024
2.47832
0.25282
2.2022
3.21872
2.78072
2.1975
4.702
4.4177
0.0647
2.78982
3.2624
3.43454
3.6952
2.5669
4.618519999999998
-0.915
2.0546
2.4515
1.2225
3.595
3.41836
3.5675
2.5417
1.8819
0.9093
3.1082
2.8707
4.67176
3.0583
2.4708
1.7038
2.3552
3.34572
0.2168
3.7451
2.00884
5.55114
2.1536
2.06814
4.2361
2.8631
3.35612
4.23332
3.53302
4.03192
4.16872
1.88482
2.927
3.627
3.70802
4.10568
2.5873
2.2873
4.28524
-0.4961
0.9864
0.926
3.91546
1.8278
4.22276
5.24112
3.2343
1.41232
1.69904
1.8404
-0.2039
3.10372
3.5066
4.3804
3.0228200000000003
0.8041
2.3385
3.1654
3.3377
0.13412000000000002
2.2069400000000003
2.6736
0.5699
2.997
3.5665
1.0988
1.4061
4.7733
2.67078
3.69052
2.34744
1.35878
2.19022
-0.47238
2.8668
2.2328
2.5303
3.5698
-0.5327
3.4014
0.6681199999999999
2.732
4.5778
3.07594
3.1804
1.4937
1.82418
-0.6159
0.7172
2.2804
-0.5901
3.1473
2.63022
4.3158
1.85912
0.8618
3.6988
0.6917
2.1989
1.2882
2.8821
-0.7913
1.6783
4.726
3.43412
1.484
2.5755
1.5217200000000002
2.1643
2.4406
-0.0271
1.3197
4.3008
3.55662
2.5536
0.28524
2.5001
0.7092
0.8771
2.9444
3.5152400000000004
4.4906
-0.6779999999999999
-0.2762
-1.5071
4.1553
0.3595
3.6734
1.6504
4.3302
3.22494
3.4714
4.5207
4.0215
-0.9298
4.0744
2.41988
-1.4209
1.5212
3.65632
4.15422
1.2609
2.79848
-0.0516
2.2144
2.87132
3.612
1.1808
3.3696
1.1945
4.93616
3.7481
2.2085
0.6497
4.3506
4.03176
4.37448
3.1996
4.5531
2.35052
1.4206
2.0599
4.63224
3.70688
3.7654
2.5776
1.5014
2.09392
2.44562
4.44292
3.5522
2.64552
3.9839
3.4402
3.1507
1.1307200000000002
3.9082
4.1333
3.6595
1.99042
0.9373
-0.6067
1.8449
3.4461
4.0954
1.4648
1.9789
2.4079
2.2992
2.19552
2.0267
1.4117
0.2657
3.8116
3.4157
4.8006400000000005
3.0511
2.1143
2.4543
1.8727
1.7525
2.367
1.2967
4.5784
4.5782
3.4646
3.8183
2.9052
4.0882
4.57302
-0.70462
3.956
3.6276
4.514480000000002
0.7519
4.7944
2.91
4.0896
3.41854
1.8007
4.0604
2.866
4.03672
1.9552
0.2035
1.66172
4.20712
1.8861
3.4047
-0.7661
3.3712
3.72404
2.74444
5.0417
2.06072
2.18302
2.8734
1.8311
2.22472
2.84428
4.5334
3.15532
3.22598
4.5294
2.9619
2.5578
3.8298
3.42302
2.85364
3.28562
2.98004
3.788
1.4733
2.5111
4.0914
2.4885
0.8737
0.7867
1.5086
3.34374
2.4498
2.62406
1.98092
2.9588
2.6058
2.2656
0.19292
3.7754
1.0248
4.314
-0.388
0.61256
0.7322
0.5821
-0.47122
3.77702
3.2202
3.6214
0.7463
0.2123
3.893
2.954
4.3230900000000005
3.2045
2.2266
3.5765
4.64524
0.7639
1.41382
4.30894
2.7928
4.57332
0.45174
2.28912
3.1509
4.1732
3.12746
1.2264
2.2188
2.0246
2.3963
1.345
3.5941
-0.7781
-0.9024
3.6455
1.8753
1.5423
3.15154
2.98952
3.5719
1.15964
0.5304
1.0207
2.0959
0.8832
0.90772
2.0399
2.4861
2.1403
3.1236
3.5448800000000005
1.4731
3.6462
2.6024
2.8560000000000003
2.6048
0.8984
3.03608
0.7747
2.03138
3.4221
4.23022
1.8004
4.5578
1.63616
3.723
2.125
0.2775
3.3628
4.3192
2.1765
2.4653
2.714
1.6086
1.0632
-0.9544
4.9370400000000005
0.1472
4.16942
2.8403
3.66452
1.6729
1.01912
1.7358
1.3798
1.314
3.5526
0.74544
5.4511
1.3430000000000002
4.3356
4.1264
-0.8404799999999999
1.3849
0.72154
4.2019199999999985
3.5401
2.7714
0.6754
0.8812
4.4302
4.0052
2.1926
2.2729
3.85052
1.7932
4.8185
1.90172
1.9674
2.99872
1.1413
1.3134
3.6263
4.0614
3.0623
2.60624
3.08394
4.8504
2.8664400000000003
2.6891
2.2484
2.1973
3.5465
3.37392
2.9095
1.3904
4.20084
2.34
2.1355
0.6275
3.915
-1.3632
2.3775
5.8536800000000015
2.8966
3.3242
3.1069
2.2227
2.4283
3.43602
2.9012
2.96732
2.7719
4.7293
3.6746
3.2974
3.1913
4.0679
3.9319
4.0719400000000014
2.6676
4.8015
3.2816
1.99112
-1.2416
2.81552
-0.66508
3.5317199999999995
4.1441
1.4316
1.9538
3.64284
3.4348
-0.4481600000000001
1.7821
3.639
1.2795
2.7589
1.7515
2.4409
4.58592
-0.6897
1.33732
2.47728
2.2829900000000003
2.9461
1.4156
1.6601
2.01034
3.90324
1.34934
1.9399
1.08082
3.24248
2.593
0.75222
2.52066
3.90469
2.5936
0.58732
2.76462
2.4465
2.36134
1.63462
0.0057
0.8417
1.5342
1.7765400000000002
1.8518
4.4481
3.8808
3.2185
4.4541
4.74322
1.4783
2.70112
5.1581800000000015
2.17162
0.4685
2.1084400000000003
-1.6757
3.08204
4.0651
2.7082
4.3294
1.6307200000000002
-0.647
4.5601
0.32048000000000004
0.9218
3.3325
0.0283
3.46892
1.4869
2.0467
3.90474
3.7129
2.8057
2.4496
3.7178
-1.693
1.9846
3.1896
3.6135
1.0783
2.7474
4.3503
1.4024
1.7733
2.0032
4.38622
3.9118
2.9108
3.79562
-0.0276
3.2111
2.3709
2.9434400000000003
2.43128
2.9925
2.8233200000000003
1.3277
3.7588
-1.9279
3.01802
1.4653200000000002
2.2381
3.1274
1.08492
0.322
-0.77558
2.4794
2.58542
0.26062
-0.7718
2.8531
4.6369
2.7243
1.5805
2.90538
1.4519
4.3237
3.28022
0.6864
-1.364
3.2085
3.2643
0.7431
2.82358
1.9286
2.6155
-0.4175
2.08498
3.20322
2.67928
1.4425
3.65222
3.72782
3.67572
3.0051
3.30522
4.0576
1.538
2.5113
3.58732
1.70912
2.4226
1.68792
1.3507
3.822
4.362419999999998
2.90362
4.715
3.39914
2.37002
1.9598
2.4693
2.1637
-0.2365
1.2921
2.918
3.7671
2.9884
2.4432400000000003
1.2691
2.01612
3.72209
2.2691
1.9913
2.6039
2.1026
4.2903
0.9551
3.86376
3.0482
2.95746
3.8828
-0.0029
4.9584
4.8215
3.1844200000000003
1.2092
2.5364
3.17672
3.6126
2.4247
2.6651
4.14872
-0.3692
2.7392
3.7323
-1.35288
3.24012
2.5129
2.71712
0.6487
0.3627
-0.3175
3.46572
3.4501
2.8942
1.065
0.3968
1.0863
2.94472
2.5092
3.2241
1.8053
3.5067
4.90404
2.5059
3.4244
2.7946
1.79332
0.63802
4.8619
2.63004
2.0498
0.0427
-0.3667
3.71562
2.01862
4.3364
4.2284
0.8361
0.487
4.3977
0.7852
2.8018
-0.2281
3.1979
2.7163
4.0982
2.9160000000000004
2.4362
-1.0913
3.0775
2.7838
3.07232
3.5065
0.8593
1.5976
3.1422
3.1738
2.3644
2.04814
3.8632
2.7072
4.0571199999999985
4.227
3.85134
1.3287
3.2076
4.55042
2.4988200000000003
2.4037
2.68102
4.8153
1.0324
0.30752
1.48274
1.5947
3.41974
4.23436
4.9295
1.9091
3.4631199999999995
2.0368
3.0248
3.8242
-0.4496
2.88078
3.33192
0.23492
2.92682
-0.1461
3.83214
4.2087
1.9122
3.7222
3.13622
3.4129
0.6292
1.03262
4.0049
4.1
4.6212
2.1842
3.4032
2.45142
2.5707
4.5592
3.50412
3.6808
2.43332
4.2295
3.7198
4.02718
2.1292
2.5773
2.6096
3.8322
-1.0713
3.5948
2.53504
2.21142
2.862
4.3326
3.96512
3.79472
1.5904
-0.1288
2.8847
4.70472
3.4869
2.2695
3.2456
3.032
-1.3247799999999998
1.7619999999999998
4.0677
2.0149
1.9747
2.63568
0.27442
4.69712
1.5432
-2.6823
3.0676
3.8558
3.97282
0.8342
3.3982
2.97732
2.9641
2.1627
4.3243
1.2486
1.8897
1.89602
3.5251
0.5578
2.4608
1.29728
-0.9399
2.883
5.7379
2.8543
3.67034
3.71054
3.3677
2.5602
3.77302
3.4167
3.3883
1.97692
-0.6002
4.9147
4.52452
1.4925
1.3161
4.5464400000000005
0.77072
4.43874
3.99752
0.4904
0.6503
3.58002
4.29314
2.4922
3.7697
1.6401
2.1787
1.7647400000000002
1.5211
2.4523
2.6278
0.38574
2.7964
2.0102
3.4738900000000004
2.55472
3.6173
4.1011
-0.6972
0.8468
2.9267
4.5606
3.197
3.1031
0.6362
0.3117
2.5201
2.1625
0.8509399999999999
2.57012
2.2877400000000003
3.39446
3.29484
1.2642
3.0482
2.9387
2.66994
0.7446
0.2483
2.91895
3.1406
3.5105
2.8344
2.47542
-1.8481
4.11872
0.8486
4.794580000000002
4.1002
2.33264
4.03172
0.7002
1.7796
3.65652
3.367
3.83244
2.40492
3.3453
0.1871
3.5487
2.5022
4.2652
-0.214
1.8066
1.75714
1.8956
1.1589
1.9806
2.7942
1.8513
4.48302
0.8311
0.3752
1.31342
4.4519199999999985
2.02632
2.7314
2.88864
0.5829
3.1619
2.6564
3.5428800000000003
3.80022
3.8908
0.30772
3.2959
3.15272
-0.5717
3.49122
2.445
2.1475
1.368
1.3782
4.4493
4.22002
0.53354
1.0204
3.88412
2.1148
2.4534
3.79952
1.51552
3.0111
3.86122
5.6333
0.03342
1.8174
2.03264
1.8561
1.3090000000000002
3.04432
4.16096
3.445
1.48557
-0.1339
1.77
0.5081
3.4534199999999995
1.5651
4.2032
0.4920000000000001
2.2433
4.01314
1.6251
0.78614
1.47792
4.0103
2.736
-0.1882
3.6509
0.4831
0.2724
3.9284
3.17652
1.9611
1.6033
3.60752
1.56502
2.7847
2.9115
1.27844
4.6291
2.4227
1.13224
3.6171
1.2415200000000002
2.1987
1.79022
2.43348
0.4553
1.8061
2.9544
3.5193
3.53662
3.00022
2.2263
3.4857
1.2362
3.6341
4.1145
1.972
3.31794
4.24322
0.3177
-1.6789
3.69984
3.83332
4.5157
2.8607400000000003
2.73162
2.4081
3.65939
2.46971
1.5855
5.9243
-0.4813
1.8595
3.0023
2.5495
2.5423
-0.2686
3.1598
3.7515
1.43838
0.4392
3.0908
2.74392
3.05828
1.9435
4.72972
3.65592
2.0833
2.9523
2.37368
5.9018
2.7887
4.163119999999998
2.09502
4.0392
2.7004200000000003
0.6887
4.42192
2.7331
2.1719
-0.6342
0.32578
4.257619999999998
0.952
1.6486
4.016
3.02236
4.2433
-0.3307
-0.4318
1.9716
2.96072
1.0681
4.10144
3.3266
4.128
0.39014
3.8523
0.7294
3.12612
1.5694
1.329
2.3258
3.7659
1.7214
4.1436
2.3364
2.0397
2.4492
1.51692
3.54644
2.4286
2.58534
3.5588
2.2712
1.8588
1.4905
2.6594
3.13412
2.6604
3.6824
3.4556
0.78252
3.1176
1.2909
4.3709
3.2744
2.2585
2.8435
-0.42712
2.321
4.0124
2.41032
2.6799
1.61092
2.61172
2.0323
3.2439
3.79064
0.2613
3.5876
3.0165
2.9335
0.8154399999999999
1.7845
1.2863
2.2792
4.731
1.52138
2.44002
2.9395
2.5174
4.1489
2.6689
3.6064
3.4032400000000003
3.86436
0.8190000000000001
1.135
0.36924
0.67672
3.68796
2.16434
2.3578
3.52342
1.66682
3.8946
3.192
3.1781200000000003
0.96002
3.0109
2.0001
2.2807
2.6948
5.1099
4.12944
3.2966
0.6298
1.8172
3.62662
1.52252
0.044
2.1645
3.1259
2.9115
1.4882
1.0284
4.6722
3.6881
4.3260000000000005
0.0526
3.08524
-0.8322
1.28718
1.8485
3.2944
4.94614
1.7618
-0.8301
4.22624
0.9363
3.8865
1.4542
3.089
2.6665
4.6834
1.5177
-1.3839
5.37151
1.62074
0.7251
3.69852
1.0885
3.0377
1.0724
3.1556
-0.0327
3.51932
2.2372400000000003
2.9827
1.31374
4.46888
-0.8488
1.73792
2.45738
3.25292
-0.1466
4.152
2.38812
1.9391
4.2171
2.07072
0.8601
1.7409
-2.2788
3.1448
2.5504
3.40371
1.9489
2.1209
1.3135
2.5673
2.6948
0.69024
3.9719
3.2717
3.1214
0.3482
3.1038
0.9872
3.5964
1.1262
3.6161
3.3721
0.48454
2.4069
1.4369
0.43882
-0.942
-1.2419
-0.7788
1.9806
4.1086
4.53172
3.4022
2.65992
4.1305
2.7399
3.23882
-1.5658
1.9426
3.8358
2.8711
-0.0525
2.4606
2.6118
3.08882
1.1847
2.56304
2.25542
3.90542
2.9864
3.8607
2.16178
-0.8946
4.31874
3.5045
-0.3173
3.736
2.699
2.9721
2.9723
-0.6407
3.4917199999999995
2.9282
4.7873199999999985
0.73324
2.4134
1.2933
3.0683
2.8642
1.6119
1.747
3.86544
3.8027
4.5084
3.4583
2.657
2.85668
3.0609
3.5385
1.305
2.3426
4.2301
3.11172
2.7995
3.05212
2.9576
0.2212
4.9381
0.1213
2.5323
0.0921
2.36282
-1.9382
3.68652
2.9281200000000003
1.6286200000000002
-4.3349
0.9945
3.11898
1.179
2.14452
1.75702
1.3803
-0.0391
2.76492
3.03404
1.611
3.6209
0.7879999999999999
1.5467
3.7905
3.8723
1.61832
2.13924
4.2232
3.4926
4.2224
1.341
0.7735
3.7837
3.13232
1.66332
2.892
0.7816
4.20872
2.87138
2.33494
1.7464
1.1316
2.9179
1.38504
2.9501
2.126
3.3112
3.0668
0.3417
3.3345
3.20758
2.2015
1.31054
3.80122
-0.6346
2.2153
-0.9801
2.0678
3.3204
4.228
2.2759
2.7509
2.2864
2.7865
4.7398
2.9685
3.2127
2.5116
-0.0967
0.13
3.5445
2.96916
1.8184
4.1041
1.7151
1.40728
1.09392
4.31082
0.7658
2.0249
0.3744
-0.1517
0.6586
2.94076
2.24382
4.1456
3.86592
2.5215400000000003
0.6825
4.338
1.0225799999999998
2.8080000000000003
1.4047
2.20912
3.31912
4.499
3.5567
2.4138
2.3513
3.23346
2.19512
1.518
2.6105
4.5437
3.68434
1.8868
2.1959
1.7811
3.39934
-1.5516
-0.2227
3.3158800000000004
2.1951
3.2897199999999995
5.4564
1.45169
4.2073
2.7436
2.8099
2.9797
1.2697
0.5984
3.9719
3.3337
2.2195
3.4947
0.727
4.2678
4.07762
2.7121
1.3983
2.0879
3.30094
4.0744
1.5051
4.7985
3.70472
2.5484
1.40794
1.7445
3.2202
0.4953
3.7477
3.2246
1.895
1.6571
1.8267
2.47608
3.40562
4.2623
1.7031
2.0906
2.4352
1.1681
1.5345
3.02
3.1821200000000003
0.45712
0.1292
-0.1702
0.6116
1.6106200000000002
1.9431
-0.4811
3.40584
2.6481
1.54572
3.5410000000000004
2.5297
5.10072
4.1459
1.7884
4.18792
4.4506
1.0166
2.8085
3.17
-1.6862
0.5695
4.0465
1.0362
0.1409
2.02222
1.5792
1.9225
2.7849
2.74132
2.5047
0.54022
2.8637
3.28242
3.8105
3.50292
2.8695
2.5860000000000003
2.6207
0.1782
2.7099
2.31232
3.9001
3.1782
3.83044
1.1019
2.19188
0.8445
4.1561
0.8686
3.7941
2.6063
3.1202
1.9058
3.072
1.0019
0.0886
3.49992
4.6217
4.1203
0.6227
2.8212
3.5297
3.6316
4.6971
2.64962
1.0118
2.3998
3.82749
3.24554
3.01352
1.0524
3.54492
1.6327
3.9127
2.22732
1.7913599999999998
3.34324
4.0302
4.9695
1.126
4.4264
1.41252
4.14591
1.9244
2.6958
-0.5554
2.47302
0.9353
4.6866
3.3347
2.3309
3.2042
4.6891
5.2929
4.0117
3.0993
4.046
3.97902
2.7756
3.05142
1.7767
2.4305
2.6054
0.3765
2.9947
4.574
-1.2244
0.8898799999999999
4.0307
2.83162
1.4984
1.4164
2.85332
1.98254
0.9934
4.00422
0.30652
4.5347
1.89
2.91224
3.6105
3.03744
3.0862
3.83542
1.4663
3.71122
-0.2525
2.29508
3.43962
-0.2117
2.8935
3.32552
2.4304
2.0471
1.6974200000000002
3.5545
2.85
2.82912
4.9945
1.1131
3.5897
4.04398
3.14742
1.6447
1.20698
4.2339
-0.2433
3.2299
3.9966
1.1028
4.85276
1.6911
2.60124
3.3647
1.7329
1.8436
2.2362
1.8812
3.6061
1.0490000000000002
2.5115
3.1777
3.4909
3.3986
1.37372
3.49112
3.3588
1.8781
3.0827400000000003
1.68272
3.8472
3.3755
3.0833
1.7597
2.34822
4.9119
2.5429
3.48066
2.8853
1.689
1.99202
3.43146
1.8175
-0.6257
4.68392
4.04164
3.6319
2.0365
3.71212
-0.07
2.10332
0.7482
2.4828
3.0497
3.2959
4.04632
2.5494
5.2849
3.59804
3.5381
0.2141
1.0246
2.3445
1.5779
3.12174
1.9512
3.3663
4.0901
2.5693
3.3891
4.1536
2.80762
2.5444
1.60352
2.3535
3.5965
3.5607
2.4783
4.48364
2.38282
1.8101
0.35466
0.6688
1.8954
3.0459
0.2804
4.6631
4.1479
4.5277400000000005
0.4851
3.9798
2.3382
2.2663
2.9404
4.166
1.34044
0.8877
2.8025
0.1297
3.7324
0.6791
0.6658
0.7164
1.1735799999999998
2.3012900000000003
0.2973
4.20644
2.9675
3.0010000000000003
1.41916
3.8398
3.86914
2.822
1.06282
3.5138
-1.7369
3.19508
2.613
3.5963199999999995
1.8492
1.8113
2.0123
-0.339
2.748
-0.43138
3.6971
1.7243
1.2349
1.5535
5.97082
0.962
2.8486
2.5746
0.3773
1.731
-1.6873
3.2311
3.28232
2.1737
4.1438
1.11892
2.7104
3.80812
-0.3328
3.5112400000000004
1.63968
4.191
1.1905
0.98308
3.82862
5.5063
4.7233
3.5478
1.1931
3.13744
0.65082
3.42492
0.917
0.23372
3.7971
4.6983
2.5209
2.557
1.0434
2.7037
1.7782
1.9278
0.5417
3.57914
4.21592
1.5539
-0.2305
-0.147
1.1803
3.367
-0.4783
1.11834
2.0729
3.18732
-0.2139
0.411
3.8457
1.8749
1.3138
2.8208
2.9402
2.1486
4.9368
0.8045
2.53212
1.9212
3.1879
3.1088
2.3483
1.1131
4.12634
3.03199
0.8727
3.26072
1.9928
3.1759
0.9634
-0.4975
1.7238
2.5691
-1.1813
4.1895
1.9449
1.7347
3.4525
2.3817
1.9231
3.79478
3.7147
2.04072
1.64052
2.49644
2.76022
3.0374
3.0741
-0.19632
0.0182
0.9191
0.6684
2.32674
4.0158
4.422
3.0142
2.6434
1.7725400000000002
2.7366
3.30322
3.1458
3.57844
3.3772
2.43902
1.6034
4.9019
1.64028
1.3902
3.8858
2.75222
2.8242
4.9075
0.0655
0.7362
2.6887
-0.077
2.8593
2.8539
1.4853
3.4016
3.9838
2.07712
4.97232
4.32
3.26862
3.45462
0.7598
2.63632
3.3937
3.5482
0.80062
2.4744
0.7159
0.3186
3.0723
3.51482
4.21214
-0.2815
3.5215
1.55362
1.9273
3.3853
2.91732
3.0185
3.8514
1.6132
3.5536
2.3835
1.70038
0.6819
3.84472
2.00792
3.5588
3.00372
5.3020000000000005
1.4185
1.67882
5.2324199999999985
2.2262
3.65432
0.9546
2.05924
0.3481
3.0094
1.5985200000000002
4.62082
2.4704200000000003
3.5178
1.43318
1.2446
2.2183
3.039
1.63652
0.5627
4.7769
3.3368
3.87572
1.7748
3.0583
2.21472
3.25834
-0.9635
1.5816
3.83366
0.1849
4.5310000000000015
1.92114
3.8317
4.4069
3.5195199999999995
2.8536
1.72932
2.4064
4.94062
3.3081
1.1575
2.9329
3.27768
3.43012
2.883
2.7138
1.7839200000000002
2.5703
1.1434
2.6589
4.2151
2.2061
2.41662
2.1779
0.6042
3.9983
2.1934
4.4783
4.296119999999998
4.0629
0.0758
2.49032
2.625
4.6836
2.0089
3.5925
3.59032
0.5923
4.2157
0.9551
2.0137
3.40904
2.28032
1.8605
2.016
1.7188
2.9642
-0.0337
0.0244
3.4541800000000005
4.9736
1.6286
-0.332
-1.5398
3.8015
3.0448
3.6483
1.0913
-0.2827
1.108
3.5322
1.5407
0.8308
-1.47998
0.6570199999999999
0.7737
3.3378400000000004
-0.3094
1.4064
1.49054
0.5484
2.5358
1.08662
4.1144
1.61502
4.3816
4.1257
2.2525
5.0351
-0.9078
1.1482
3.5877
5.904
2.58224
1.37852
2.4616
2.7356
2.5340000000000003
3.2535
1.9927
2.6273
1.00342
2.7
3.6023
3.10432
4.05092
2.082
1.1494
2.632
2.60748
1.21062
4.2613
1.8372
1.8551
2.2963
1.5624
3.54714
2.96248
0.7882
1.529
1.9177
-0.4756
2.8021
3.11542
-0.6468
2.55638
2.63824
2.8404
2.1994
3.83966
1.0163
3.9491
1.2654
1.4614
2.7162
4.4814
2.5751
2.8745
0.0446
3.97854
-0.7763
4.16662
2.3153
3.1753
0.3835
1.9749
0.31302
3.752
-0.1789
3.0286
1.6716
1.3406
3.31
0.0358
4.9685
2.5484
2.7635
3.0738
3.7427
1.9912
4.57624
0.7663
2.6484
-2.5174
1.83694
2.2076
3.70642
1.5815
2.7335
4.1732
0.9631
0.9546
3.5252
3.3634
1.2731
2.7114
3.6356
2.0116
3.43654
1.1544
1.94502
2.9887
3.2101
4.35102
3.5396
2.08624
1.9759400000000005
1.4663
2.07944
4.54212
2.1212
3.27992
1.24064
2.1081
4.3711
2.6773
1.55862
4.2071
-1.6313799999999998
2.7319
1.6702
1.25818
1.1793
2.99242
2.1545
2.59872
0.2962
1.3753
2.2347200000000003
2.2765
1.9184
3.5882
2.9077
3.09442
1.9346
2.3528
2.4932
1.4106
2.86362
2.462
3.59
4.26762
1.65608
0.3422
2.7718
0.4657
1.5881
-0.4293
2.12984
4.73062
2.7131
5.1425
1.13812
2.44488
2.2692
1.61432
1.46662
-0.2811
3.4637
2.40254
0.8071
-0.0152
1.288
0.688
1.4782
3.898
1.7713
3.6257
2.7213
3.0216
-0.6754
3.76352
3.14302
4.1821199999999985
3.67692
1.1869
0.7984399999999999
1.3512
1.8011
4.15402
1.9385
3.81974
3.0915
2.4874
3.6346
3.6779
1.506
3.6448
2.8056
4.5308
3.6413
2.3076
4.5651
-1.3428
4.9712
1.9463
1.49394
3.3463
4.54752
3.7413
4.4447
1.8713
1.59378
3.5218
1.42892
4.3924
0.9851
4.2378800000000005
4.2221
3.61368
1.6061
3.7553
2.5668
0.6213
2.616
0.4999
2.7874
1.5981
1.8875
2.9489
-0.7069
4.0315
1.2782
1.8578
1.6269999999999998
3.16688
-1.7344
1.16154
2.21862
1.7061
0.9999
4.21902
4.3269199999999985
3.3371
2.6686
1.1899
2.0961
0.8839
4.0917
2.4232
3.7342
3.0023
2.5562
0.391
1.57402
2.67752
4.6962199999999985
1.59994
5.3097
3.79504
4.38186
2.7772
2.7623
1.4957
2.3032
0.9304
4.59442
2.63446
2.5753
2.6145
1.57312
0.5506
5.24552
2.4904
2.1506
2.13012
1.5287
3.9447
3.3901
2.4164
3.99362
1.2352
3.3847
0.2119
4.9109
3.25208
3.56082
3.3645
3.75072
2.3055
2.3172
-0.2514
2.4524
4.259
1.58362
4.28532
1.0278
0.0016
2.767
4.037
4.4672
2.42354
2.4237
2.42538
2.27582
-0.2354
1.516
1.37618
2.7116
2.2273
3.4511
2.8506
2.1699
3.4528
3.4829
3.36954
3.0671
0.4276
2.9309
4.3646
2.0918
2.6407
-1.5146
2.55472
4.1615
2.02632
3.5995
2.9496
3.56178
4.5526
3.949
2.752
3.3924
3.262
3.8468
-0.4343
1.8441
-0.4201
2.5127
3.78194
3.0906
0.773
0.4538
3.26248
1.1485
2.44692
2.40782
2.3119
3.7618
3.16482
2.23202
4.0127
2.19862
2.8625
-0.3627
2.3544
3.4345
-1.0387
4.46322
-0.6151
1.2642
0.7347199999999999
3.5802
2.4853
1.8961
2.6588
4.01912
1.79782
3.95178
4.42
1.0183
2.6067
2.7163
2.9792
3.91674
1.1469
1.3009
2.7874
0.6944
1.9337
2.97622
-1.1562
-0.33748
4.8162
3.3703
2.7425
3.6945
2.404
4.46178
2.8583
1.3464
4.46252
2.58972
2.9342
2.5660000000000003
1.2064
3.95784
2.2844
4.4145
3.8865
2.1391
2.2525
3.04042
2.6236200000000003
5.5882
1.15132
1.97982
2.6089
3.34944
0.8712
3.0629
3.1207
5.3781
3.89688
3.3741
2.0096
1.14362
4.5939999999999985
3.0651
-1.0766
1.50032
2.04664
2.3739
2.0836
2.9220200000000003
2.43732
1.0669
2.08302
2.8544
1.8063
2.1857
4.3492
0.6375
1.1611
2.94372
3.01268
1.1244
2.8855
2.7042200000000003
5.7006
1.381
0.5293
0.35600000000000004
2.77922
2.8752
2.11294
3.4289
2.90042
4.6683
1.597
4.16384
1.9563
1.6854
1.34092
5.0248
3.01772
5.3303
1.0012
3.2822
1.4761
2.5673
-0.44
-0.6011
1.6489
-0.5433
3.74924
1.3217
2.50966
4.80786
2.1797
3.5226
2.8466
1.05948
3.3718
0.8576
3.6092
2.0587
1.6268
1.2224
2.8805
2.4927
2.85334
1.91884
1.74462
2.87408
3.9597
2.46632
3.86372
2.8056
2.6196
2.9658
1.1305
2.4686
2.7608200000000003
1.7428
1.9122
3.4047
2.7579
2.4728
2.8303
3.55882
4.2536
2.18942
3.3638
-1.3979
3.5609
1.63532
0.1912
5.065
1.4999
4.124219999999998
3.2438
2.8319
2.9674
3.5016199999999995
4.2148
2.3947
0.4628
4.3532
2.9536
2.38932
2.0192
1.79892
2.3974
2.2809
4.283
3.22006
4.1001
3.5334
4.1146
0.2505
2.00901
4.04892
1.2219
-2.1306
2.4385
-0.4169
3.96422
3.0076
2.64568
4.07414
1.5711
2.3101
2.9132
1.348
3.61272
3.1759
2.3882
4.28674
3.0799
1.2674
3.5083
3.0899
2.46462
2.19993
-0.30151999999999995
4.47048
4.2683
1.9677
1.93212
4.63298
4.59746
2.073
0.3357
2.5656
2.8641
2.0043
2.6025
-0.4596
1.713
3.88564
-3.9625
1.86
2.08802
-0.994
2.925
2.16982
-2.5732
2.3075
1.80504
4.68876
4.08962
-0.7276
1.62304
3.00992
2.4779400000000003
3.16572
3.44412
3.19228
4.01658
1.341
4.84454
2.129
3.32174
2.2476
3.59902
4.21962
-1.4294
3.092
2.719
2.25448
1.9897
0.1197
3.5965
3.8978
2.1783200000000003
1.4131
3.30332
2.1024
2.29732
2.1892
1.9597
4.4283
2.9556
2.7829
3.608
1.25464
4.7725
-0.9492
4.1891
2.92018
2.24662
3.02818
2.4522
2.7407
4.35192
2.17548
2.6176
1.5540200000000002
2.7105
1.4217
5.684
1.1572
0.8979
2.9033
3.30882
3.0045
0.0682
1.44248
1.31172
2.90238
0.2913
3.4436
0.0442
1.58784
3.39182
1.1267
3.72962
2.16804
3.8133
-0.4155
4.0978
2.6424
3.51244
3.57704
4.6608
1.8316
4.84022
5.0102
1.0384
1.6788
1.328
2.5373
3.1002400000000003
-0.9649
4.9171
1.5537
1.8866
3.6509
3.94934
2.3806
3.6701
1.7882
2.4898
3.46386
-1.5322
0.3966
1.3937
3.7729
4.6731
4.1906
2.6053
3.3689
4.1199
2.38942
1.9424
4.30574
1.8733
0.70902
1.5562
1.5406
2.92144
0.7372
1.6347
4.1579
-1.255
1.3413
3.3039
3.34372
1.1596
4.6616
3.4568
0.7686
0.8505
2.7998
2.4845
3.24222
3.1448
2.73958
3.3237
0.8675
1.88082
3.45252
5.04614
4.0365
-0.3229
4.2434400000000005
2.42122
0.2085
2.8679
3.75624
2.1094
3.7742
1.9368
2.0381
3.4126
3.75288
3.82994
0.72354
2.765
1.6385
-2.6704
3.35142
3.6291
2.21204
2.57412
-0.3447
1.5298
2.9233
1.557
2.0317
0.7187
1.1467
1.77384
2.64702
2.1455
3.00112
2.6144
2.3777
1.2013
2.1926
2.47502
4.9478
1.3516
0.4582
1.50462
3.9973
4.42274
2.682
1.2013
2.7597
-1.7801
3.1556
3.7433
3.8787
1.6851
2.9666
1.2763
0.8805
1.6491
3.8851
2.26402
2.7501
2.5783
3.3882
4.133
2.25732
2.9542
2.69092
0.8165
0.04124
3.4755
3.3391
1.12544
2.9501
2.97542
2.2840000000000003
0.91198
4.3008
4.4397
4.23324
3.26932
2.94818
5.10572
1.1186
1.98152
1.5689
2.009
4.2132
3.33902
2.31202
1.6058
2.71042
0.0937
4.6433
2.1324
0.4803
1.9156
2.07654
-0.4814
2.4955
1.2018
3.0277
2.8161
3.2726
2.3771
4.53302
4.0147
5.37492
4.4491
1.8079
3.2922
3.4667
0.8792
2.2939
0.9429
1.1338
1.2945
2.6774
3.71402
3.4028
4.8483800000000015
2.3165400000000003
3.7222
3.4131
2.4112
3.14212
0.2675
3.0956
2.2516
2.3143
2.62822
3.5599199999999995
2.96464
1.59552
2.6058
1.6611
2.6644
2.0664
0.7602
5.3446
4.0060400000000005
5.0776
3.6446
1.23112
1.8162
0.0169
3.15898
3.42892
3.45472
3.4115
3.0359
3.4408
1.95254
3.3463
3.89704
2.85802
0.9604
2.92879
4.4645
3.9616
0.95988
4.73546
3.19662
3.29592
3.72234
0.7342
-0.044
0.6096
1.8984
3.67242
1.7861
3.544
3.9784
2.736
2.56198
2.6538
3.4491400000000003
1.4669
1.55844
1.4669
1.12494
1.129
1.8959
-3.1544
-0.22858
4.4697
2.8755
1.1096
3.4902
2.80042
3.91302
-0.9319
0.6726
3.10058
3.6743
3.623
2.5493200000000003
2.24592
3.6563
1.7652
1.5018
2.6746
2.8946400000000003
1.0087
3.5296
2.05044
3.9147
3.0491
0.6245
3.51462
1.35772
2.9068
1.6251
2.222
-0.9595
3.2705
0.3238
5.49488
3.46464
-1.0166
0.44392
2.73428
1.1645
2.4215
0.5118
3.4838
-0.7359
1.57792
3.9658
2.0957
0.1945
0.9353
1.8838
1.9665
3.4368199999999995
2.41244
3.1395
2.27524
0.8661
2.5402
4.15908
0.5955
3.7329
3.3318
2.2242
3.38012
0.9291
0.8220000000000001
3.4923
1.9377
0.941
3.0533
3.51472
2.72952
1.01652
2.5938
4.19602
1.6638
0.51702
2.3492
-0.2782
1.0786
3.799080000000001
4.5077
2.1544
3.7277
0.38714
2.7912
3.4942
3.16162
1.0478
1.01
3.95522
3.19624
3.20838
-2.0309
3.89552
4.98692
3.6456
4.1173
3.1218
1.76472
1.6669999999999998
0.8899
4.0193400000000015
4.59882
-1.6971
2.8747
3.0095
3.2824
0.26892
1.92484
2.24352
2.0267
2.2789
4.1197
2.9402
3.85082
0.4568
2.1482
4.9264
3.16672
3.6147
1.40032
2.6755
2.38292
2.6957
-0.2316
2.30042
1.99658
3.1214
1.425
4.5441
4.3068
1.4027
4.19224
2.3982
1.7832
2.5774
4.1328
2.57944
3.82182
-0.988
5.2635
3.68302
4.8620199999999985
1.2740200000000002
2.81082
0.8293200000000001
2.2092
1.7037
3.68862
3.8042
4.02074
6.04504
2.5364
2.6612
3.1129
-2.2884
3.3428
2.9282
4.11562
1.7446
4.0282
1.1634
2.1668
1.27898
4.64556
4.4446
1.5275
2.9309
0.66052
2.2226
-1.1873
2.01328
1.5219
2.6104
5.0795
4.1476
2.2819
2.306
4.4562
3.4171
2.9115
1.9782
4.0086
3.78242
2.66442
1.4819
1.89412
2.8995
2.1697
4.013
3.2217
2.4978
2.5449200000000003
1.11832
3.40344
1.365
2.6692
0.037000000000000005
1.6925
1.7808
4.1758
2.4846
2.27382
4.4377
1.4067
3.30652
2.7466
2.8435
2.66272
3.4121
3.3568
3.85834
4.3356
3.4766
3.1156200000000003
4.6225
3.9131
3.5724
1.7685400000000002
2.86842
0.7774
3.8095
2.1037
-1.172
3.71672
0.1666
4.3874
-1.9535
1.3608
2.5426
3.75902
4.3486
1.1627
0.8705
2.4725
0.4724
2.69472
3.4041
1.4831
2.0488
3.2038
3.51512
1.52
2.446
3.9892
3.28182
2.6281
4.5698
3.73852
4.22802
2.8567
0.9321
0.70502
1.6364
1.95324
2.62682
0.7776
0.7542
2.9181
2.5153
3.61242
-1.6051
1.288
1.6666
3.89226
1.39662
3.3649
2.4975
3.0478
0.4969
4.6031
-1.2695
0.1835
0.782
0.6212
2.1166
2.7331
1.3938
2.9765
1.3418
2.096
3.7771
2.0573
2.6621
2.03352
4.3699
2.5448
4.5501
3.1418
0.9619
2.41152
2.92752
2.00164
2.0438
0.8732
4.8598
1.91022
4.3019
1.8615
-1.1227
2.2242
4.05144
2.4129
3.5066
3.5984
3.0344
2.65742
2.08352
2.3938200000000003
0.24134
4.41164
3.01702
4.1927
3.9774
1.023
1.9147
2.695
4.06626
2.18352
3.01072
2.96082
3.0199
2.5505
-0.1949
2.9562
3.5033
5.21214
1.5871
2.6864
1.7014
-0.6374
3.75954
1.9003
2.40888
1.78512
-0.1828
2.5165
0.1026
2.85792
3.4698
3.7034
1.509
1.06756
3.7519
3.7127
4.38718
2.11012
3.9889
1.3079
3.5194
2.2403
4.0193
2.9573400000000003
1.94672
0.44132
4.5087199999999985
4.6935
3.6688
2.7986
-0.4981
4.2342
4.5439
2.7192
4.0401
3.773
2.1928
1.9303
1.6821
2.9694
1.51752
5.1825
2.7091
3.87412
2.2195
2.4666
3.1873
1.9342
0.8352
2.57482
4.80322
2.2417
1.6227
2.7502
0.8653
0.94782
1.5385
3.2461
3.2666
1.7904
3.4641800000000003
3.1531
3.62924
1.6613
3.4070400000000003
4.9547
2.42524
1.6079
3.8372
1.6402
2.94838
-0.5015
2.5780000000000003
-0.0954
2.9672
3.1847
3.7405
1.71668
4.6586
3.1099
2.17884
2.20032
4.368
4.09732
3.1277
1.0601200000000002
4.45984
3.09052
-0.9587
1.6362
3.0403
0.4877
1.2759
4.8395199999999985
4.11652
3.94048
0.8690000000000001
3.4834
2.4269
4.4808
3.33152
2.6548
1.501
2.885
3.77296
0.7732
1.4779
3.7518
1.85398
2.1873
2.2639
0.2685
3.4027
0.80628
1.5977
2.0342
1.7982
3.0339
4.2336
1.2826
2.54422
3.6849
3.0299
-0.20458
-1.2415
1.88092
2.6722200000000003
1.64438
1.13322
3.8705
4.440919999999998
2.1697
3.5882
2.0707
1.8795
1.8624
2.13876
0.6948
0.2958
2.2444
4.41522
1.7015
3.3728
1.54692
4.13972
2.7094
2.7259
4.14032
0.3608
2.60948
2.26782
3.01432
1.58018
3.2675
0.94054
0.1929
0.812
0.6414
2.3447
2.1195
1.51704
3.51664
4.2644
4.4949
1.0358
1.98724
4.6963
1.2828
3.3772
2.0104
0.0543
4.0357
2.6395
2.2257
3.5201800000000003
2.264
1.0307
1.2437
1.14114
2.926
1.7576
1.61238
1.58282
3.3133
2.012
-1.5117
-0.0728
0.31592
2.0541
4.2291
-0.6261
3.8333
2.858
3.617480000000001
3.49704
2.845
-1.1756
3.7703
4.59424
2.48192
2.3598
3.6493
2.5964
0.3502
0.5812
2.1928
4.21366
3.0819
2.0078
1.29842
4.8279
3.82064
3.42302
2.829
2.4702
2.9795
-0.7031
-0.6875
3.1836
2.2194
3.8965
3.3411
4.1065
0.39974
0.8898
3.3642199999999995
1.2406
4.2639999999999985
3.25532
3.78322
0.1236
1.7696
2.9767
1.45822
1.7463
4.0473
2.72452
1.8002
1.426
3.7006
2.0748
1.77622
2.0283
1.6993200000000002
4.00358
1.7378
2.0503
1.29422
4.0231
1.7428
1.7292
1.2532
1.545
2.68942
4.29632
0.722
-0.0087
2.26312
1.7613
3.5742199999999995
-0.4349
3.5762
2.62732
2.8976
3.6457
2.72922
-0.7036
2.6922900000000003
1.6708
3.0547
1.9267
4.404
3.6283
4.6437
3.313
0.55228
3.70399
3.2586
3.9789
-0.946
-1.1687
1.7541
1.0221
4.0194
3.5035
1.6572
-2.5415
3.1134
1.753
3.61342
0.7242
2.95948
-0.3009
3.39252
3.7915
2.15224
4.5294
3.5228
3.02472
2.8094
2.8093
3.51758
4.0022400000000005
1.53744
2.4719
4.686719999999998
2.84372
-1.61
1.51152
-1.5214
2.36808
3.42532
1.7383
1.8451
1.74392
-0.0925
2.503
2.92922
3.88564
1.9463
3.5024
2.83192
3.47706
3.1847
3.6424
3.2647
3.4554
1.8155
3.5734
3.66862
1.97648
3.8505
3.6369
3.63082
2.4968
1.1381
2.1177
2.4091
1.9761
3.01122
3.9161
3.69732
0.8579
-0.2548
0.528
-1.7533
2.4039
3.31972
-0.0252
0.7429
3.52402
2.5503400000000003
-0.6693
2.4718
3.21002
2.99782
1.9245
2.6624
2.14834
0.9254
2.0864
2.1589
1.3292
2.5142
1.5138200000000002
0.7340000000000001
4.4028
3.7951
4.1101
1.15604
4.3337
1.9457
0.09902
2.8136
2.8115
0.0607
2.18107
0.6112
2.64264
1.5479
1.5629
3.5695
3.73362
3.0224
3.04084
3.55504
1.5388
3.76004
1.63812
4.01278
4.0737
3.5283
1.2209
3.659
2.3645
4.7015
2.3321
5.0786
2.7909
2.9892
-1.2154
3.3081
4.2513
-0.0483
2.38628
3.2968
1.5327
0.22824
3.3121
1.4867
4.0231
3.1981
1.4131
0.0532
3.0775
5.93878
2.3682
1.86044
1.4172
1.9427
3.9976
0.60932
2.7375
2.3624
0.674
1.2505
3.4725
3.58782
5.4616
4.22864
1.81722
1.9982
2.33628
2.60384
3.51608
2.7825
3.61098
2.1074200000000003
1.084
1.6281
3.6302
2.0186
2.8198
3.1877
3.7483
3.2848
3.5391
3.52072
1.1368
2.9805
3.0683
4.23642
0.8590000000000001
1.029
2.3862400000000004
1.14402
1.4426
4.15414
2.2437
1.8416
3.5193
3.05504
1.4739
4.4797
2.7319
2.74312
3.3424400000000003
4.2804
1.0283
-0.03648
3.3121
2.4206
3.9127
1.4776
1.44682
1.2488
1.4725
1.9403
5.0111
3.50494
4.70942
2.49982
2.3216
4.1475800000000005
2.4896
3.5908
2.30328
3.7009
2.4451
2.8935
2.1857
2.9892
2.9434
3.3304
0.7279
-0.8772
2.2228
2.4611
2.8951
3.8649
2.7788
1.8747
1.6407
3.55086
3.9477
1.97427
-0.1605
4.2942
1.8493
1.1937
1.84744
1.2437
1.7940200000000002
3.7188
1.21982
0.9471
2.1775
1.4364
2.021
4.629
3.8844
1.3586
2.97014
1.75012
2.5137
5.20832
2.2745
2.52048
0.7708
0.3112
2.1351
5.46744
2.83482
3.04312
1.13658
1.6169
2.26282
1.38954
1.83442
3.8421
1.0444
2.4313
1.43698
2.733
3.7556
3.2879
1.469
2.3275
3.85602
2.98652
2.56542
5.0213
4.6183
1.5811
-2.7335
3.9676
2.7663
3.17482
3.04562
-0.5998
5.6145
2.13092
3.4926
3.026
2.3656
-0.1516
2.8666
2.6971
0.2939
1.97822
2.9925
3.7494
2.43772
-0.0092
4.21382
1.5948
-0.0979
1.6030000000000002
5.4861
2.53452
3.1271
0.5756
1.3328799999999998
2.8466
-0.04632
4.715
2.73122
1.4
2.82892
2.9486
0.3103
3.13784
3.0481
1.8199
0.9898
3.0096
2.08054
1.61194
3.4945800000000005
4.241619999999998
2.5014
2.7493
4.24612
2.7995
4.26408
0.48852
1.9969
2.3074
3.4453
2.8095
0.4516
-0.0865
1.481
3.00462
1.2118
1.3421
1.9927
3.4661
2.5549
3.0917
1.99602
4.7538
3.7572
3.3827
3.8603
5.3377
2.47762
4.65822
3.64742
2.499
4.044
3.8829
2.9169
1.98144
1.4618
4.08982
3.35574
-0.5805
2.2975
1.5862
1.6821400000000002
3.13422
3.64186
3.3879
3.3199400000000003
1.087
-1.5208
0.7955
1.086
3.9803
0.26452
3.5921
3.3382
3.2229
3.82434
3.3722
2.633
3.9138
3.1777
1.39288
2.682
2.9472
2.00172
3.1054
2.8072
4.3934
3.9958
2.1691
1.8444
2.2184
3.2433
0.50222
2.65416
2.2019
1.97722
2.5983400000000003
3.6396
2.4589
-0.858
3.7556
0.1855
2.966
2.6242
5.30642
2.0849
2.5343
3.4989
1.67398
4.1396
4.2736800000000015
2.2436
1.7859
3.1772
0.22048
2.7469
3.5939
2.02242
1.2628
0.69368
-2.8539
1.5344
2.31518
0.72328
2.61002
2.36324
2.3871
1.8271
1.173
-0.3078
0.7782
4.0262
1.6718
2.61672
4.9328
2.70062
3.99216
0.9765
5.1986
3.4432
3.9882
-0.9906
2.4352
3.9157
3.8149
1.4282
1.4122
3.7848
1.4928
3.0914200000000003
0.0991
0.3136
0.9992
2.2083
0.1995
3.4412
1.6598
1.56036
2.4985
2.83032
3.04362
5.4869
2.462
2.2793
0.1195
2.8909
2.2157
3.29842
2.5514
4.07872
1.2544
2.3031
2.1871
1.8258
2.30348
3.3584400000000003
3.9655
2.8898200000000003
2.1815
0.0139
3.8516
3.5601199999999995
-0.1732
2.1148
4.36474
0.5539999999999999
2.0757
3.39572
1.3983
3.1322400000000004
3.4215
3.437
2.2374
3.0947
1.4178
0.7219399999999999
3.3123
0.8869
3.0743
3.6827
4.3019
0.34692
3.63008
3.4671199999999995
2.3427
2.69022
1.8738
3.32532
1.5711
0.73198
3.6029
1.88282
3.1502
0.9688
0.2684
1.0424
3.3872
2.0896
1.75092
1.4095
1.1363
3.0564
6.4785
3.0065
3.6608
2.7483
1.0766
0.042
1.9848
4.96382
2.34452
3.4184
2.2189
5.3154
2.7409
2.678
0.5122
-0.9385
3.60914
0.5509
3.49922
2.5378
2.98692
2.1418
1.9108
0.8474
3.7772
4.8661
1.9223
1.4066
4.14809
2.5804
-1.0262
1.8256
1.7569
1.0192
-0.5522
2.5757
1.9126
1.3508
4.30126
2.7981
-1.1363
4.145
0.52554
1.25122
2.4813
4.32362
2.6509400000000003
3.856
3.6972
3.5679
4.1775400000000005
2.87412
4.3072
1.68602
-0.4063
4.17446
1.40722
4.36384
2.77692
1.7898
1.0702
2.0762
4.0088
2.5805
3.1765
-1.4007
1.90902
2.9097
-0.6979
1.8894
4.4276
1.5273
0.7458199999999999
1.11411
1.8465
1.7268
3.0564400000000003
5.2973
-1.7551
2.6878
2.9653
2.0034
3.5023
3.2477
3.30202
3.7883
4.8105
2.8528
3.3897
-1.1461
4.5673
-0.29168
3.39652
3.84172
-0.8989
4.2067
5.2457
4.8801
3.16074
-1.6355
2.43624
3.2803
3.2752
-0.1769
2.1982
4.0289
4.62122
1.8617
1.6853
3.6533
2.1578
2.7466
2.1267
3.63892
1.099
1.17192
2.7277
0.9408
5.34626
0.4891
2.1850400000000003
2.2434
3.6242
2.2454
2.9695
3.78272
2.5357
2.50312
2.27844
4.69902
5.1967
2.5161
1.2439
2.2396
3.4337
1.5316
1.6748
3.0434
4.2934
3.8539
3.1569
3.7069
3.94112
1.2025
3.2599
3.6162
0.9119
2.2434
2.4164
0.7047
3.2968
4.03444
1.8994
0.7479
1.4597
0.06184
3.0793
2.9402
2.2305
-0.5333
3.7281
0.9234
2.1747
1.3069
1.0884
5.2703
3.6891
1.1383
4.0131
1.3846
4.18238
2.8818
0.5909
1.84474
3.5551
0.47042
2.3589
3.9512
3.67612
2.0340000000000003
2.6712
4.149
-0.2886
2.80766
2.9421
3.31042
1.2773
1.0235
3.5198
3.30894
2.3079
1.28512
2.1203
2.2156
1.1158
3.6393
1.5177
0.8803
3.6485
3.545
2.4275
2.56474
3.1447
4.69278
2.084
2.4264
1.6516
4.00502
2.5883
2.9286
0.2325
0.0567
2.74372
4.4801199999999985
3.8916
-0.2175
2.5731
3.0821
1.8651
1.96998
2.1513
3.5819
3.10574
2.91132
1.85292
2.6493
4.3654199999999985
0.4692
-0.3262
4.51996
1.7095
1.198
2.522
2.3751
2.7191
3.44544
2.54522
1.0495
2.3681
3.18454
1.7887
4.3222
1.14194
2.1644
2.89392
4.6583
3.3444
1.203
2.50874
2.48862
1.4999
1.9191
3.4737
2.3323
2.58672
3.82882
2.3445
3.0079
3.8961
3.5073
1.4555
1.01542
4.1501
4.9378
3.8152
4.29954
2.7459
3.3064
4.3713
3.5944199999999995
2.8348
4.19842
3.6498
2.1011
4.7377
1.25412
2.3779
3.97142
0.8341200000000001
3.82936
2.3806
-1.3259999999999998
2.0832
0.4438
4.422619999999998
1.22442
1.7072
0.7534
1.6293
5.27372
2.7285
0.71
0.0827
2.3917
1.5147
0.999
3.2765
2.56392
3.48064
3.52834
2.68894
5.1614
3.3357
0.9144
1.1653
1.5675
2.1311
3.25902
3.01922
2.3492
2.88832
2.1206
2.99352
2.7715
3.73034
2.2015
4.99744
2.5860000000000003
2.4759
5.0431
2.494
2.64644
2.43152
3.0256
4.85661
3.4467
1.7093
3.4903
3.78492
4.2038
2.1171
3.4752
0.1143
0.72538
2.67604
2.6047
2.9046
1.7623
1.8529
4.4419
3.75852
-0.4715
1.54088
1.7047
2.7755
2.7771
2.9701
2.1933
1.10288
1.3563
3.2049
1.612
1.7582
0.6596
0.294
2.8931
1.11936
2.71802
2.30022
-0.84
-0.2196
3.0824
0.6783
2.97758
3.31972
1.2695
3.6259
-1.5165
1.95848
2.6635
1.7484
4.2333
2.0673
2.8711
3.2144
2.1015
4.0883
3.0511
2.15818
1.7923
1.10622
2.6885
2.3365
0.9341
0.3518
0.1228
-0.9932
2.9753
1.63794
3.66996
-0.2434
2.6715
3.82422
0.0378
4.16436
-4.1777
1.8834
4.06888
3.70902
2.1075
2.0467
0.46874
3.2821
3.84442
-0.9177
3.822
2.1862
1.9307
1.7152
1.36598
5.7596
4.6162
4.5616
1.6299
1.4752
4.3866
3.3093
0.70522
1.5034
2.2685
1.9095
0.99934
2.64122
3.81752
3.0957
4.8607
2.1799
3.04372
-1.964
4.14004
4.04398
2.1075
1.59542
3.4305
3.2931
3.3339
3.24284
3.9518
2.3313
3.85022
1.2843
1.2238
1.9498
2.9186
1.958
2.35114
0.17032
2.7114
5.124
1.5031
4.61214
0.8231
0.4592
-3.0855
-0.7788
2.57802
3.69332
3.62042
3.0933
4.27688
3.1519
2.6023
0.8461200000000001
1.8458
-1.6212
2.9309
0.70792
2.69932
0.71662
2.99364
3.96548
3.12384
2.5822
1.1347200000000002
2.99982
3.3089
2.4509
3.4841
2.6188
2.1927
3.58316
1.6086
3.1316
3.91802
2.3394
1.7761
2.1552
3.1598
2.6622
4.0419
2.92154
2.3246
3.80229
5.58832
2.4321
1.6521
4.25364
2.0753
0.867
3.78132
3.757
2.9099
-1.7717
3.2789
1.3003
1.6130000000000002
0.3389
3.917
5.126
2.4164
3.76052
2.9694
1.50604
4.39112
2.5657400000000004
2.1663
3.313
2.0253
1.9225
2.7398
1.8743
3.7232
0.4317
4.014880000000002
3.7704
2.17962
3.70112
3.9301
1.08062
3.5875800000000004
2.1596
2.0303
-0.2298
1.9832
3.9511
3.2376
1.6309
3.239
2.6175
3.8724
4.94894
2.3205
3.6067
2.338
3.7376
2.1462
2.6669
0.1327
2.2122
-0.2679
1.13568
2.6324
0.5088
3.9152
1.8289
3.4958
3.51292
1.6549
2.3644
1.4401
0.6388
3.0637
1.97242
3.1223
4.6807
0.8795
3.6829
1.3869999999999998
2.9319
2.8691
2.7793
2.8328
1.35628
3.8465
5.2308
1.6953
1.4835
3.745
3.1061400000000003
3.1544
3.6691
2.51028
1.3569
3.5832
1.9972
-0.6878
3.9051
4.05494
2.1349
2.3991
-0.2465
3.3405
3.2709
3.522
3.5745
2.64107
1.51264
3.47864
0.8909
2.4775400000000003
2.5766
2.6285
2.7032
4.6774
3.8847
3.1184
3.1366
-1.4178
1.9408
1.1498
1.42952
2.95812
1.71582
0.9663
2.33976
2.4057
2.402
2.36148
2.2309
2.74372
1.9314
3.6737
3.4861
3.01552
-0.7258
3.4022
5.13622
3.2706
3.684
0.1426
3.0326
0.0439
4.7166
0.7679
1.9384
3.95542
2.38688
-0.0289
4.0367
2.6796
0.5101
2.43874
4.79594
0.3963
3.2341
4.4371
2.6484
2.22312
3.2008
2.1610400000000003
3.8832
4.3858
2.4669
4.76472
2.5242
-0.01732
2.7855
3.0163
-0.4507
0.3715
0.4437
4.17882
3.3949800000000003
1.9515
0.95794
3.8217
1.4018
3.3028
3.012
3.20082
4.7939
1.92882
2.6783
3.1295
1.4409
3.0957
4.17598
-0.1119
2.1485
1.6945400000000002
1.4106
2.3947
1.9281
1.7617
3.83206
2.20998
2.5815200000000003
0.9966
1.83962
2.907
2.9757
0.7048
1.8264
2.31262
3.8882
3.5751
1.7414
4.1473
2.4468
3.2722
4.224080000000002
3.27252
2.0715
2.6628
-0.0054
4.0089
2.1799
-0.6092
2.6328
3.1928
4.55462
2.3066
4.6369
1.8554
1.7284
3.4393
4.7046
3.6621
3.14494
4.28492
-0.1017
3.4563
4.8677
2.63318
0.5079
2.6654
3.75924
3.80842
2.4082
1.7318
1.48788
2.5621
1.0093
2.3406
0.3517
2.3812
1.40452
3.389
4.0829
0.3363
1.0866
3.26012
3.1252
2.45722
3.6918
-0.4044
0.853
1.07644
0.3865
3.8052
1.87992
1.927
-0.122
3.4442
4.16442
4.8431
1.3758
3.87588
2.5108200000000003
1.8926
3.6606
1.41338
2.4416
0.4378
2.05792
4.5585
4.59046
1.52434
2.0259
1.6569200000000002
-0.4097
2.506
1.9227
2.0633
2.47222
3.96002
3.49242
3.2206200000000003
3.96812
4.0225800000000005
2.83618
2.9697400000000003
0.3713
1.09679
3.5291
2.8493
3.1783200000000003
4.2069
2.97364
4.7449
1.2303
1.88862
3.96342
4.7381
2.1793
3.7701
1.0743200000000002
-0.6661600000000001
2.7749
-0.199
4.27422
2.7007
-0.5404
1.9078
1.46364
2.5977
-1.0912
2.0819
0.6857
1.03534
1.8042
3.5748
2.3683
2.738
1.0941
1.4317
4.8972
4.0504
2.0845
3.9373
4.1171
4.51031
4.48112
1.89312
3.75979
-1.5567
2.0174
2.47722
3.3403
1.71218
1.9098
3.4160000000000004
1.7135
3.0146
2.02292
1.6941
2.5855
4.10498
4.0270800000000015
3.19912
3.1861
1.64652
2.3999
4.1589
0.5508
1.1932
3.6573
2.7708
0.6792
3.7551
1.6269999999999998
3.2959
3.7666
0.4238
3.4344
2.9853400000000003
4.382
0.7581
4.2975
4.05892
3.6572
3.75234
2.8996
4.6031
0.0227
1.44422
1.5276
1.2944
2.3505
1.0573
2.6829
4.75362
3.6421
3.1885
1.79452
3.8931
1.9572
2.4825
2.1454
4.1796
0.48372
1.86854
3.44262
1.30769
2.9532
1.7822
4.6331
3.2907
3.537
3.6762
3.365
2.3577
0.6017
1.7048
1.7204
2.3239400000000003
0.6708
3.1465
3.31734
2.6741
3.1686
3.99032
1.0239
2.095
0.24562
2.6458
3.7923
3.1807
4.754
2.9173
-0.3934
0.65012
1.4163
3.0296
3.07152
3.7007
4.6105
2.079
0.6628
4.8054
3.5035199999999995
1.5526
1.8773
3.0026200000000003
2.0546
2.1695
4.5165
0.9251
0.5753
3.9889
2.28268
-0.9394
4.4546
4.3542
0.8461
3.4471
2.9352400000000003
0.9404
3.3041
2.2234
4.2979
3.33902
0.1359
0.4582
1.3896
4.5086
4.6651
3.4329
0.64452
0.5934
2.9529
3.3061800000000003
2.1686400000000003
1.1153
2.0267
2.86442
2.0922400000000003
3.602
3.0023
2.89344
2.2804
2.9281
3.41382
2.64722
3.9229
3.57004
2.1785
3.3939
3.9609
4.7882
0.7477600000000001
0.8051
4.9699
3.0501
4.6502
1.0523
2.3151
2.8288
-0.1194
4.51564
3.972
4.1052
4.0301
0.4878
0.955
0.9313
1.5357
2.00012
3.876
1.3647
0.1764
1.4409
4.1568
1.0786
3.5818
1.6737
0.6978
2.29438
1.2617
3.2574
-0.3756
0.02942
2.3491
2.7265
1.7212
3.8701
-1.72368
1.6282
1.3909
0.44
2.8015
2.1294
2.06236
1.2844
2.05592
2.12718
2.88662
3.9069
1.2128
-1.0006
2.1219
1.1602
4.3003
2.60722
3.1656
3.2434
-0.19746
3.9415
2.97532
3.48264
3.5024
1.2836
1.3919
3.3718
2.5008
2.7214
-0.0257
3.7197
0.7734
2.51952
1.0995
3.1881
3.0161
2.5749
3.29196
2.7863
2.2568
1.5413
4.0179
1.9087
3.1889
4.67644
1.9393
1.21652
2.3276
3.27732
3.9349
-0.2745
1.4612
0.4712
0.68102
3.73544
1.9397
1.5033
4.0312
3.5784
2.23392
3.1884200000000003
0.1005
2.1525
2.6921
1.1649200000000002
0.83742
3.4528
2.0703
2.5072
1.6533
1.4161
3.30756
3.31232
5.03422
4.3544
1.3014
3.2612
-0.7437
3.39202
1.77754
1.6631200000000002
1.5138200000000002
3.1426
2.4602
-0.596
3.4723
0.13968
2.6117
1.18506
-1.57476
2.3996
2.7656
1.0759
4.1793
4.5535
4.56562
2.06192
3.83728
1.31498
4.012
4.23172
1.18754
2.3015
0.0624
2.3342
2.2434
3.8932
4.2634
2.3146
2.68952
2.6938
5.070119999999998
1.4698
3.5557
2.4028
3.2060000000000004
3.80762
3.97272
2.26212
2.03152
2.2672
2.62452
3.045
0.7986
-1.31142
0.3097
2.39772
2.8393
2.8666
2.1701
4.35586
3.0843
1.1435
2.6404
3.16534
-1.2687
3.79072
1.8671
1.6279
2.53708
4.26774
2.2558
1.20454
3.65146
3.519
2.5471
2.3721
0.84514
3.1422
3.9637
2.4329400000000003
4.7677
2.3299
2.81662
2.3899
2.66474
2.8607
1.96959
4.1854
1.43442
-0.417
1.6643
3.4145
1.3034
1.9134
0.6155
3.48404
2.0758
5.25494
3.02468
4.1765
0.4251
2.7124200000000003
3.35932
4.2115
1.7272
2.9341
0.8685200000000001
0.78752
2.5696
-0.3938
0.77
4.53442
1.3401
2.81124
3.5519199999999995
1.6325
3.00232
2.501
0.55302
4.0675
1.77902
2.6542
0.795
-1.7546
2.3004
0.1696
3.96052
2.1028
4.2385
2.8949
2.2061
2.6594
3.2549
1.9401
4.24262
2.8025
2.4849
0.6303
1.538
1.5729
3.97372
0.6863
3.20492
2.60998
-0.4051
0.711
4.5109
2.0432
2.37758
4.4375
2.5368
1.6568
0.6859999999999999
1.1665
2.9729
3.5622
3.41462
3.3763
3.8159
3.1227
2.66602
3.66712
3.6523
3.2577
-0.6588
2.73962
2.234
3.7271
3.1337200000000003
3.9116
0.4516
3.8618
0.9331
0.6119
3.2597
3.1751
1.9955
4.10024
0.9806
2.7224
4.50512
0.7827
0.7992199999999999
4.212
3.23068
1.8697
2.57982
4.83392
5.8899
2.1228
-1.2163
2.1604
1.15484
4.0827
3.3081
4.9233
-0.6164
2.9234
1.8431
1.3298
0.0383
0.7583
1.27332
4.06872
0.8461
-1.10228
4.7606
2.7371
2.6667
3.2974
0.0776
-1.50388
3.4377
2.95082
3.1678
3.4151
1.5714
2.6919
2.7331
0.726
0.6579
4.6288
1.7873
2.18382
2.0284
3.2906
4.17892
1.4135
4.01674
5.0691
0.2114
3.54472
1.2995
3.38
2.8681400000000004
2.3363
1.3881
0.7582
3.2542
0.0664
3.169
1.644
3.4208199999999995
3.8547
1.2589
2.883
4.7418
3.0866
3.7374
3.5198
2.6564
0.2091
3.6152
2.1466
2.99092
1.3116
2.7183200000000003
2.4746
3.2839
1.8983
2.88578
2.2704
4.58462
4.1904
2.0582
2.5611200000000003
4.6814
4.0398
4.414619999999998
0.12202
2.6941200000000003
3.5982
3.7758
5.17956
3.88398
4.6177
3.2501
4.79736
4.415
1.81902
2.2604
1.8394
-0.9596
2.1491
2.5775200000000003
0.14792
4.0064
2.8378
1.4725
0.4597
5.0104
3.3781
1.291
3.6364
4.156619999999998
2.5668
3.4936
2.6007
2.29
1.1922
2.8716
3.1156
2.0855
0.41704
2.2544
1.6772
1.54872
4.0254
2.4369
3.6572
4.7767
3.8527
0.3199
2.3261
2.0892
1.90362
2.39092
3.7044
4.11344
2.48718
1.5730000000000002
4.08452
0.2086
2.4571
2.76704
0.2185
3.9546
0.2937
1.38202
3.039
2.1850400000000003
4.12672
2.7319
4.1177
1.7707
2.53322
1.08322
4.6368
2.0108
3.2086
1.78944
3.2428
1.77032
3.4423
4.78338
4.1623
0.932
1.4027
1.8491
0.8560200000000001
4.13388
3.37704
2.8631
1.3453
0.1279
3.3786
2.62092
1.00934
2.2271
1.7321
2.05748
-0.1705
0.7069
3.4241
-0.18072
1.7827
1.5631
3.81142
4.44384
1.49417
2.8502
4.77614
2.4039
-0.7629
0.8407
4.6276
-3.1898
3.1318
2.50712
3.28482
3.67856
4.1788
1.3667
2.4691
2.4492
1.4962799999999998
3.78862
-1.7427
3.3566
-0.03
4.0195
2.7319
2.0759
3.75802
4.9302
2.0107
4.2426
2.9811
3.61572
1.1433
4.07254
2.8958
1.4104
2.6257
1.4588
3.33232
3.2127
4.93438
2.6389
4.5675
3.13992
4.574
0.2867
3.7656
3.24352
4.78052
2.3642
2.3668
-0.0738
2.81778
1.29762
3.2439400000000003
1.0968
1.0138
2.153
-2.7203
-1.5284
1.9186
2.38402
2.94034
5.71662
4.71508
2.3672
2.0838
3.6675
1.44498
3.8059
1.22014
3.5723199999999995
2.4975
3.2444
3.97312
3.3344
3.4448199999999995
3.6307
4.3582
2.20332
2.7997
4.3989
2.4084
4.016
2.0488
3.5817
2.8117
4.34708
4.65782
3.4408
2.6748
2.0949
2.0508
4.3493
3.4404
1.18462
4.6513
2.65146
0.2077
1.6725
1.7795
1.7888
5.0309
2.03142
0.9311
2.4937
-0.70138
2.08134
2.7185
0.6978
2.7396
2.27582
2.9383
-0.4766
2.1482
1.6055
3.98192
2.5607
1.93212
3.4129
-1.1596
5.025919999999998
3.6968
2.52792
0.1159
3.78282
4.03864
4.262
2.46202
1.32402
0.8445
2.2087
3.5886
2.7809
-0.4639
2.4521
4.12004
1.648
3.6719
2.3532
2.5386
4.6153
1.47734
1.43782
2.92774
0.1066
2.3982
1.9505
2.81628
0.46292
2.3905
2.8242
3.116
2.4927
3.06014
1.5967
3.42784
1.786
1.73934
1.8073
3.1582
4.05722
0.38624
1.0483
1.9783
4.426
2.94912
1.7043
1.4441
3.4136
0.1516
-1.6242
2.2703
3.38384
1.0194
4.3648
3.1848
3.3134
3.7033
4.83078
2.176
2.382
1.6215
4.24682
2.25162
3.059
2.613
1.3554
3.314
2.1128400000000003
2.1772
2.58198
3.8646
1.14802
1.4982
3.07
1.5038
3.48944
1.9359
2.7447
0.8559
1.5855
4.0518
2.5903
3.95388
3.0676400000000004
0.5693
2.8759200000000003
2.1214
3.40501
2.59532
3.4725
2.78636
4.379
2.3382
1.062
1.7191
1.2594
3.92
2.77772
0.8177
2.0605
0.9049
2.63878
0.6933
3.3989
0.6463
4.5864
2.4601
2.44562
3.5207
-0.6393800000000001
2.5432
5.63548
2.6593
1.7037400000000005
3.73
0.9157
1.7145
3.8403
0.34222
2.7094
3.1795
1.14842
2.05572
3.60029
3.4654
5.22314
4.69522
1.7739
4.0385
4.48802
3.68962
3.2936
2.9273
0.8496
1.6201
-0.784
2.9311
4.6288
1.3346
1.2807
4.20134
2.0537
0.8428
3.4006
2.1918
2.4443
2.7031
3.55074
4.19696
3.7848
4.38718
4.36652
1.3159
0.1638
1.2742
4.0939999999999985
1.2371
2.0815
-0.3508
2.1355
3.178
3.6261
1.22284
1.67042
2.8584
3.1103
2.4603
2.946
2.332
3.2307
4.1681
1.22044
1.61764
4.7642
1.8754
2.659
1.27212
2.2488
2.05432
4.0378
1.86732
3.3937
-0.524
2.7575
-0.0056
-1.2531
2.0692
2.2364
0.9948
2.3639
2.78594
2.0269
3.7436
3.92006
2.7909200000000003
1.5677
3.024
-0.0685
3.1682
3.2921
3.2991
0.6058
2.17632
2.65462
0.22776
0.49652
3.39572
0.0292
2.6833
2.8277
4.52292
1.0092
0.0329
2.20032
1.3352
3.1341
2.59892
2.1018
4.9638
1.10288
3.8491
3.3075
2.8972
1.4263
2.4232
2.7101
3.1368
4.2327
1.4938
0.8918200000000001
2.65692
2.36482
3.86434
3.2306
2.71842
3.4730000000000003
2.69588
0.6582
2.95462
2.1637
4.20032
2.7923
2.23824
1.32988
2.7766
0.0637
1.51774
2.279
2.34992
-0.4527
2.6914
-0.6764
2.8904
3.11622
4.33172
1.9532
3.9327
1.7032200000000002
0.69
4.36322
0.5219
3.1448400000000003
0.60302
3.2816
3.3663
1.4463
4.31506
3.9154
0.16238
0.68494
1.242
2.0536
2.814
4.197
4.7919
0.0587
2.8688
2.15022
1.8347
1.06178
2.7423
0.3718
0.1212
2.37
1.82124
3.3594
4.2836
3.26792
1.9946
3.0763
1.7495
2.12872
4.03792
0.71832
3.90982
-0.6064
2.4971400000000004
1.5497
3.14564
1.6474
2.4989
1.0959
1.8118
1.3167799999999998
1.00502
2.384
2.49666
2.8301
2.6927
2.9081
0.52742
0.93822
4.5262400000000005
0.9412
-0.3036
3.73902
2.5107
2.0086
3.59744
2.13302
2.4142
4.9443
4.5183
2.2769
0.24564
2.45332
3.5732
2.7799
3.1744
3.9482
3.3955
1.5824
2.3616200000000003
2.40024
2.5183
1.3711
2.2494
0.3695
3.4654
3.8561
1.3808
0.8649
2.1875400000000003
0.0145
1.33734
3.3921
2.84412
3.33922
1.57
0.29412
-0.27496
4.0757
0.4606
2.9562
3.35112
-0.71958
3.7696
3.92
1.8394
3.9723
1.0276
1.8679
3.94522
2.6836
1.6885
3.40326
1.1336
3.3562
3.66122
2.6059
3.73322
2.5008
3.6808
3.5944
2.3691
2.4323
4.6958
1.88242
1.3559
1.2898
3.95966
2.5344
5.0181
3.05384
2.9689
1.92452
1.8229
2.8745
1.5664
3.173
0.6351
1.692
2.4819
1.1319
1.3439
1.16208
3.21664
1.6908
2.2509200000000003
1.3152
3.82942
4.4325800000000015
0.906
4.2098
2.47034
1.0204
1.3465
3.5345
2.0627
1.5551
2.63876
1.7263
2.14114
1.3191
1.2802
0.8394
2.99602
-0.5505
3.9893
2.1908
2.805
2.0746
1.2961
-1.4452
1.2225
4.3761
2.29448
-0.9041
2.3583
2.2714
1.51262
1.12132
4.04988
3.28482
2.794
-0.9439
2.1344
1.94794
4.6013
3.5200400000000003
3.17802
3.02448
5.7335
2.0236
0.5113
2.495
0.1638
3.3191
0.8874200000000001
3.3261
2.2409
0.1409
1.5214
-1.7765
3.5388
2.5008
-1.1141
3.6718
3.80102
1.3913
3.4168199999999995
2.9577
2.46902
3.2927
2.6235
2.2751
1.4169
0.9706
0.9011
4.4073400000000005
3.25292
4.212
2.8774
3.3995900000000003
1.1325
2.8002
3.4295400000000003
2.8314
3.01496
3.60956
3.0403
0.2653
2.8851
4.4765
1.0165
2.62252
2.10834
4.603
3.0015
4.9443
1.2287
0.98962
1.9865
4.5931
-0.5405
1.91958
3.8701
2.08462
2.5711
3.3838
0.39824
1.6519
1.3203
2.5995
3.26012
5.06074
1.5038
4.2151
0.99004
2.86412
1.49282
4.4693
2.0561
4.0632
1.9159
2.69008
3.78874
2.1913
4.06852
-0.5933
3.72812
-0.26032
2.9542
3.3519400000000004
4.3967
4.1024
2.3524
5.09806
2.5653
-0.5476
3.0755
1.8817
-0.1832
3.8973
2.0266
1.18462
0.70612
1.0841
2.96712
1.7686400000000002
4.0305
3.5221
1.8923
0.348
3.31382
3.9356
2.55182
4.98196
3.22772
2.0470200000000003
-1.2709
1.9471
-0.7443
3.99481
1.9625
4.3736
0.5471
2.8119
0.5859
1.5952
4.7341
2.7458400000000003
3.4062
2.4111
3.7634
4.13388
2.43132
0.5077
0.1957
2.97732
3.22002
4.38718
3.4183
2.7948
0.4548
-0.3828
3.5323
1.3345200000000002
0.3922
2.44142
0.9917
2.7488200000000003
-0.3101
1.25202
4.09998
2.1622
4.07092
2.6352
3.7535
2.9982
-0.4056
1.4858
1.17042
4.7767
1.79624
2.7364
1.2266
1.54352
3.37012
0.24562
3.6268
4.30362
4.0568
3.86522
1.83842
2.4452
0.087
3.149
2.14082
2.77686
0.1928
3.0209
3.7781
4.9706
4.3978
-0.96218
0.2657
1.4957
-0.08327999999999999
2.9028
1.4716
0.5208
3.5697
3.00382
4.7347
2.9319
1.0504
4.2999
4.06654
3.5476
2.3649
3.18764
2.693
4.1868
1.5279
4.5521
1.0005
1.147
3.0233
2.2669
2.32488
0.8101
3.92924
1.05088
2.6741
0.9349
2.3598
4.5715
3.8629
4.0566
2.884
4.28282
0.7698
2.341
0.9109
2.5301
3.3043
1.53072
2.3925
1.7516200000000002
4.5236
1.4083
1.6389
3.82524
1.45572
1.8573
1.62078
2.23946
2.45224
3.1397
3.5607
4.2485
4.3344
1.9966
1.8183
2.8028
1.90782
-1.2081
1.5565
3.1178
1.79382
0.54632
3.7523
1.86872
2.9147
2.2293
2.62952
3.33782
0.25058
4.0582
0.3051
3.9688
2.4966
2.6564
2.9395
-0.24338
3.44472
3.149
-1.096
2.59952
2.05542
3.81434
3.03882
1.9026
1.7831
0.22
-0.0113
1.59654
4.66268
4.7873199999999985
1.0283
4.2333
1.9422
5.0319
1.0654
3.2295
1.6469999999999998
4.4835
4.5946
2.93412
2.377
1.1133
3.46632
4.4996
2.2878
1.7293
2.6475
3.0687
3.0346
3.32552
-0.7378
1.8073
4.11482
2.5093
2.9002
1.0178
2.7385
3.7471
2.05704
0.6165
3.4645
2.98362
2.9006
1.9451
2.9226
4.57792
3.762
4.5146
3.4655
2.1128400000000003
1.6107
2.3446
1.4573
1.44012
5.13612
1.2912
4.0291
4.0106
0.5048
4.57892
0.8389
1.9893
3.8872
3.61572
4.1975
2.2417
4.1059
3.8802
3.15762
2.928
3.0301
0.91
2.7487
-0.10088
3.6114
1.6116
2.70098
1.2099
4.2330000000000005
-3.2917
3.3332
1.7307
0.948
3.94062
3.218
4.31734
4.43016
4.0398
1.56634
3.8349
4.00022
3.04
0.22244
2.0043
3.93902
3.2938
3.80002
2.898
0.4187
3.4628
4.3384
0.6779999999999999
3.7801
0.5052
4.693219999999998
2.1665
2.7767
0.68172
3.42814
-1.79
1.60554
3.81428
3.9523
1.3006
4.0124
3.2856
4.8451
-0.5688
2.8119
2.6839
3.95974
2.1452
2.7619
3.4149
2.3044
4.0031
2.8187
3.5556
2.87402
3.0572
1.7787
1.62696
2.3115
1.27292
3.21512
4.0354
2.8471
1.9561
3.24612
4.89162
4.772880000000002
2.3098
3.9532
3.4960400000000003
2.9718
3.87972
1.3804
2.1945
1.2306
4.7871
2.0088
4.5205
3.3915
2.1835400000000003
2.4597
2.8090200000000003
2.15484
3.469
2.65668
3.0671
0.4756
3.41352
3.2701
3.7872
2.98014
1.7020400000000002
2.8560000000000003
0.8871
2.83398
1.4799
4.542
4.3819
3.86122
0.8496
2.35304
1.1201
0.6834
3.5912
3.0469
-0.4219600000000001
1.2786
1.39662
5.13202
1.8881
3.0334
3.0406
-0.2731
3.55504
4.431019999999998
-0.3702
1.8198
3.10022
1.2165
3.6493
3.9748
1.4409
2.5964
0.53352
0.16222
3.64862
3.33992
0.71372
3.56102
4.0826
3.19542
-0.9003
-2.2344
1.0771
3.911
2.676
1.5536
1.14342
1.54652
4.5746400000000005
1.2995
1.1355
2.4674
2.9946
5.2349
5.6146
1.98332
1.60812
3.9229
1.0557
3.65134
4.3195
1.16198
3.7357
2.9955
2.02192
4.1009
2.75314
-0.7689
3.29062
3.9484
-0.3379
2.3031200000000003
1.89742
-0.7785
2.5904
4.4639
2.134
2.4876
0.4467
0.1209
5.4386
3.69629
2.0422
0.6208
0.8727
3.2542
0.0637
4.4591
3.2038
3.53574
2.6119
3.2636
1.8368
4.1904
4.5677
1.6325
2.3605
4.3143
0.3492
4.0821
3.8427
3.10982
3.02412
2.4534
4.0652
2.1326
-1.0548
4.3317
1.9865
3.0437
1.78944
0.8982399999999999
3.8355
-0.2357
1.1368
1.3701
3.2595
2.1114
4.6585800000000015
4.74544
2.0285
2.7809
0.2734
0.93294
2.60784
2.44949
2.9729
3.46592
3.8121
2.3006
4.35586
3.70752
3.0616
2.4244
3.632
2.2852
1.6861
1.4952
3.8318
1.3803
1.4717
1.7817
4.4077
1.7036
3.181
3.09782
2.6352
2.968
2.8393
3.4843
1.9971
2.7306
2.6388
3.84132
2.0776
3.3566
3.0567
1.0829
2.2076
-0.4639
1.274
2.5533
2.75712
1.3762
2.3957
1.6093
1.3224
3.2061
2.52968
1.1847
5.0424
2.2669
2.27582
2.35726
4.9105
1.3346
0.388
2.8868
3.5956
2.4989
1.80162
1.0665
4.5743
3.4559
3.2577
2.36748
2.1137
2.4946
3.2237
1.3071
2.91132
4.005319999999998
3.0021
4.3022
1.8998
4.21014
4.6231
0.3521
2.47738
2.2896
3.3441
3.58394
1.3167799999999998
1.2033
1.08922
2.9308
3.4636
3.1621
1.0739
-1.3125
1.2349
2.51742
4.953880000000002
0.71964
2.263
4.8731
4.1932
0.5071
1.3693
1.9848
3.33474
1.878
4.6318
3.3771400000000003
1.3798
4.2128
2.5181
4.19572
3.3067
2.6054
3.0775
3.84694
1.3741
2.6007
0.78508
2.70772
0.1978
3.7608
3.155
0.5934
2.7229
2.6261
2.3388
3.81104
2.77846
0.39738
1.4957200000000002
2.6712
3.5899400000000004
2.77982
3.3138
3.4844
1.8843
4.6136
2.153
2.7021
4.3731
-1.2531
4.4318
1.5551
3.94494
2.9689
1.3159
1.0845
3.96628
1.7869
3.0187
4.0742
2.8447
3.39678
3.74972
3.46038
4.5478
0.46542
3.55502
0.91932
2.2403
3.5078
0.3369
4.6032
3.8201
1.6549200000000002
0.7341
4.0427
2.5719
0.9794
3.71232
0.8423799999999999
3.97
0.0523
3.07772
1.5031
3.5386
0.8195
2.33292
3.9121
2.7094400000000003
3.234
3.247
4.49748
4.3471
3.8291
3.846
3.0463
-0.7278
4.0139999999999985
3.7417
3.2795
4.6142400000000015
-0.0122
4.8529
1.58872
0.8801
3.6171
3.8455
1.8596
3.40942
3.94802
1.9492
3.2849
0.8407
1.9524
3.0465
4.6204
1.9307
4.57992
2.1741
3.917
1.78178
1.8342
2.37792
3.3612
2.62512
3.721
2.9248
0.9218
1.8457
3.6286
0.07432000000000001
-1.6312
4.22927
3.3471
1.6005
2.2145
4.71194
1.3849
3.52538
2.4499
0.084
3.80142
3.5791
-0.02398
3.3329
2.1526400000000003
2.027
2.506
2.9868
1.0607
-0.5754
2.7089
3.448
4.4881199999999986
2.9034
1.99492
4.0748
1.82688
2.7058
3.8271
0.9719
1.57592
0.3164
1.843
4.6501
3.87188
2.8607
1.58694
3.9728
0.4425
4.3083
2.58682
1.8399
4.14004
2.05634
-0.5859
0.2628
2.57742
2.48544
2.8646
4.1538
0.7411
2.526
-0.1087
2.46492
2.5465
3.9254
2.78552
4.0216
3.5982
3.7923
5.0797
3.6906
4.45352
4.3781
-4.1777
4.56572
2.3395200000000003
4.45062
4.5283
0.1005
3.6707
1.1913
1.4978200000000002
4.38
2.8648
1.70278
3.20792
2.2514
1.0812
2.3276
4.2432
4.0716199999999985
2.67424
1.9628
3.7007
2.1807
0.5581
2.9468
4.0133
2.7152
4.3578199999999985
3.3018
1.0635
2.63234
0.1014
4.3304
4.1308
3.6287
1.9694
3.92432
3.6429
3.47222
1.3163200000000002
4.2111
3.12252
2.464
2.12828
2.3149
4.9882
2.4934
3.83252
4.5574
3.3107
2.7753
-0.1366
4.0318
4.46772
-0.80412
0.6588
2.0539
1.69882
2.4314
2.5301
3.7547
2.5773
1.062
